 -51
 -39
  65
 -53
-117
 -52
  98
  12
   3
  77
 -89
  97
 -69
 -26
 -88
  48
 -24
 -10
 105
 -73
 -46
 -25
  12
 -60
 -79
 -23
 -20
  69
 -64
  63
  73
-128
  84
  25
 106
  75
 -50
 -48
   1
  83
  70
 -92
 -58
  97
  47
 -48
 111
  87
 -13
 -49
  68
  79
-113
  96
 -21
  74
  64
 106
 -58
 -93
 -91
  14
 -83
  26
  67
  99
 -73
  17
  57
   2
-108
 -30
  93
 -56
 112
 -76
 105
  27
  97
 -71
  61
  78
 -38
  61
  58
  84
 -72
  41
  26
  83
  50
 -29
  43
 -56
 -38
 102
 -65
 -63
 -78
 -42
  69
  92
  55
-103
 -40
  43
  88
-109
 -46
  48
 -50
 -44
  89
  63
 -95
  12
  71
 -66
 -67
  11
 -50
 -35
  58
  33
  61
 -52
  89
 -90
