0.08691702
-0.35583746
-0.04428161
0.08790170
0.09109218
-0.03432308
0.19274321
0.52030122
-0.08586594
-0.09662084
-0.09783860
0.04424476
0.06876434
0.13538349
0.10524216
-0.10645442
-0.00726333
-0.25624105
-0.17247523
-0.04774991
0.31963071
0.00524988
0.01520206
-0.13254482
0.05020923
-0.17580938
-0.05610929
0.05008947
-0.07828324
-0.09000710
-0.42650774
0.24325164
0.05153263
0.11942735
0.00392110
-0.14101352
-0.10666373
0.05223026
-0.15337151
-0.02103392
0.21536015
0.21270043
-0.17289026
-0.24336706
-0.00806152
-0.16388050
-0.02102235
-0.12624185
0.31739169
0.28492263
-0.25880557
-0.14199461
0.02480416
-0.01209771
-0.10330568
-0.03160445
0.05537035
-0.24712822
0.11423738
-0.07092523
-0.17446373
0.13374391
-0.07469445
0.08154730
