0000101111001110
1111111110011011
1110011110001000
1110111000100111
0000011101100111
1111100100111000
0000101111111110
0001110001011011
0001100100101001
1111111101001100
0000101001101111
0000101001010010
1110011100100111
0000100001001111
1110100011110000
1111000101110111
0001000100001000
1111011101001001
1111101110100101
0000101110000111
0000011001111011
1101101010111101
1111101011000111
1111101100111000
1111000001100111
1110010000000111
1111011110111111
0000011110011001
0000100101010101
0000010001100000
1111010101100011
0000000010000111
0000001100010011
1110000100010110
0010100110111100
1111100011000000
1110100000100101
1111000000100011
1101110000011001
0000010101000001
1111100011110011
1110010011110011
1111011001101100
1111001011110101
0000110011110100
0001011011010111
0010000001000010
1110100110111001
0000110000111110
0001110100010001
0001010111100101
0000001110011000
1111101010011110
0000010011100011
1110100110010101
0000111110100010
0000001110001101
0000101111000010
0010001101010001
0000111111101001
1110111110100000
1111111110111011
0000010111100110
0001011000111010
0000011111101011
1111000110100100
0000001010110110
0000010000110100
1110001110110111
0001000110001101
0000101110101001
0000000010001000
0000000101111101
0000000010001000
0000110001011111
0000110010101010
0001010001011000
0000101001111011
1110000110100100
1111011101110011
1110001011111011
1111111110100001
1111101110100110
1111111010000110
0001011101100010
1101100001100100
0010000110000010
0011001110011011
1111100000101011
0000010011111010
0000011000101110
1110101011000001
0000100100101110
0000100011001110
0000111111100011
1111110110100111
0000000111110100
0001001111100011
0001100100000011
0000111001000001
0000111111011010
1111011011111011
1101011010100100
0000010011000001
0001010010001100
0010000101000111
1110110101011000
0000110101101101
0000111101110011
1111011001000010
0000000000011011
0001011010011110
1111000011011101
1110110110111001
1111010010111111
0001011000000001
0000010000101100
1111100100111010
1111111111101111
1111110100010101
0001101001110000
0001001111011010
1111111010011011
1111111111010010
0000000101011001
0001000001101010
0001100010001110
1111100001001000
0001001110000011
1111100110010100
0000011110001100
1111000110000011
0000011110111100
1110111010111111
1111101101001110
1111000101111000
0011000101101001
0001010100011111
0000101101100110
0000000010010111
1111110010000100
0001100000001010
1101111101101000
0010000001001001
1111111100100110
1111110101010111
0000000011110010
0001001110101001
1111101010111110
1110110000000110
1101100111111010
1111001111100001
0000000111000001
0001001011001001
1110010101010010
1110001010110111
0000001011111000
1111110000011111
1111100101000110
0000100000001011
1101110101110101
1110010000011101
1111001010001000
1110111011101011
1111110000110010
1111000010101111
1111000000010000
0001011110101000
1111011001011101
1110010111010110
1110010001100000
0000001101010010
0001110001100011
1110111100100101
0000001000001001
0001010010001101
1111101000010110
0001000100101010
1111001101000110
1111111011001011
1101110000100111
0001101100011101
1111110011110110
0001001010101110
1111111100011110
0000110010001110
1111000100110101
1110111000110100
1111110110111101
0001010001011101
0000001011011001
1111010100010100
1111010111101001
0001011011110111
1110110101001010
1111011011101011
0000011000001110
0001011110001010
0001001100010111
1111000001001011
1111000111100010
1111101001111011
1110100101001100
0000011101000110
1110110000100100
0000000010000100
1111111010100111
0001000011100101
1111010011011111
1111110101011101
0001111111010001
1110000110011010
0000100110110101
1110111011001100
0000111111111101
1111111101010010
1110100101111100
0001100011111001
1110100100101000
0000101111011111
1111001100101111
0000100011101110
1111001101100100
0001001101001011
1111000111101011
1111000010101001
1111001110100100
0001000110111011
1110010010100111
0000001111000110
0001010010100001
1111000110010111
1111111010000000
0001001011101001
1111011001101001
1110011100010111
0000111011001011
0001111010101001
1110110000010010
1110011011000001
0010000010100010
0010111100011100
1101111000100101
0001100100100100
1111011111001001
0000001011110010
0001010110000110
0000011110011010
0000111100010001
0001011111010100
1111100001011010
1111001111000000
0001100011001001
1111101100011010
0001101001100100
0000101101010011
