0.00995212
-0.05461632
0.07164615
0.12325089
0.08150637
-0.13199113
0.09673966
-0.00263649
-0.09675606
-0.06774642
0.14509241
-0.08055642
-0.02767457
-0.06815063
0.15236326
-0.04057803
-0.09292594
0.00854916
0.06585477
0.05220295
-0.00930054
0.11501265
-0.00683946
0.09541488
0.06964669
0.03783638
-0.09270573
-0.01323055
0.10155503
-0.18774113
-0.00740813
-0.00938942
-0.07305048
0.05582991
-0.08676051
-0.06084659
-0.04074023
0.01640316
-0.05073366
0.14013070
0.14299369
-0.00820919
0.13211471
-0.02067967
-0.15003248
-0.04209650
0.10782732
0.10047410
-0.05790576
0.07858978
-0.08200421
-0.02662977
0.07964825
-0.01271910
-0.08409539
-0.08158660
-0.07200632
-0.07592346
-0.15470771
-0.02178996
-0.08445007
-0.03670989
0.04792858
-0.00489790
