1010111100001111
0010101000010111
0010011010001011
0010010101001101
0010111011010110
1010110111011111
0010110001101011
0010110110011001
1010111000011111
1001010100000001
0010111110001110
1010100011100001
1010110111010110
1010110101010000
1010011100011001
0010110110011101
0010100101001000
0010111001101110
0010011111010010
0010111000100010
0010001000110000
1010010100000011
0010100000000010
1010110011000110
0010011111111010
1010111001000001
1010010001100011
0010000111011011
1010110010101011
0010111111111001
0010010111000011
0010110011010001
1010011010011011
1001110011000110
1010111110011001
0011000000101001
0010100001101000
1010101110101100
0010101101111110
1010110001010011
1010100001011110
1010101110001101
1010101101011000
0010110111100110
0010111000010001
0010111110110011
0010010111011110
1010111010110000
1010111011101111
1010110100101000
1010100000100011
0010110000101111
0010010110011011
0010001001001010
1010110011111001
1001100011010110
1010110111100001
0010011011100000
1010100010000000
0010110010110000
1010110110001101
1010111100001101
0010101000000011
0010100001101000
