0.07165449
-0.10900867
-0.18648292
0.12931065
-0.10082387
-0.06516595
-0.00279904
0.00017303
0.05913373
-0.01514429
0.14028017
-0.11873801
0.09633989
-0.07033045
-0.04974566
-0.02637929
0.04658270
0.10344025
-0.05567263
-0.05319594
0.00064711
-0.15527163
0.04667351
-0.13689543
-0.09340096
0.08072026
0.16569334
-0.01673058
-0.01735326
0.13695963
0.01421430
0.08448843
0.02709548
-0.15345037
-0.06873190
-0.13184738
0.10800568
-0.15291195
0.15034100
-0.00492859
-0.05280523
-0.11839335
0.10043325
-0.04317600
0.00205970
-0.14961514
-0.04767379
-0.06947459
-0.09216984
-0.07708713
-0.03823280
0.06016533
0.06798390
-0.03622543
0.14191969
-0.06947724
-0.07476348
0.04350008
-0.01452356
-0.03601821
0.04979594
0.11015686
0.11780727
0.03072550
