0.14372779
-0.05851095
0.02385350
-0.07623676
-0.10763035
-0.11321350
-0.09998047
0.06298237
0.06509426
-0.16010454
0.02146782
0.04438000
-0.03977151
-0.10553168
-0.00903079
-0.11560488
-0.09017099
0.03131168
-0.10953762
0.12086062
-0.02526282
-0.08751849
0.14926682
-0.03349100
0.02100905
-0.05424316
-0.12320448
-0.09091420
-0.07994249
0.18732312
0.23122515
-0.09953508
-0.12288091
0.06356993
-0.01381373
-0.06579898
-0.07762227
-0.04344654
-0.06837307
0.00489897
-0.04696903
-0.06747526
0.06408813
-0.01966212
-0.00807027
0.03430961
0.04457143
0.06040233
-0.02747924
-0.09677149
-0.02050572
-0.19666125
0.03264292
0.08551877
-0.07261645
-0.16283062
0.04508581
0.02990423
-0.11694559
0.16694041
0.04334928
-0.15819721
-0.15713707
-0.11611930
0.04938378
-0.08208000
-0.06348122
-0.01579273
-0.05676512
0.04381875
0.03988214
-0.05347880
0.05689399
-0.08713436
-0.04927707
-0.06616906
0.03979576
0.02339282
0.11146808
0.08239635
-0.07793858
0.00460998
0.00900018
-0.00557161
-0.08835954
0.04177589
0.04008396
-0.04214494
0.02192291
0.08965320
-0.13635899
-0.04265745
-0.13462587
-0.12305751
-0.08112330
-0.01771940
0.08144370
0.05044504
0.11594886
0.06330784
0.12088632
0.20214623
0.20400532
-0.04678058
-0.00273859
0.06989048
-0.05149204
0.06718199
-0.03373181
-0.11667503
-0.04268834
-0.02766611
-0.01982781
0.08501774
-0.05598158
0.00873755
0.13738763
0.07008523
-0.12328750
-0.11324099
0.02187887
-0.17194588
-0.03436247
-0.02791537
-0.03020977
-0.09780709
-0.09618237
0.16636112
-0.19618951
0.07455587
-0.01208793
-0.05534526
-0.00998268
0.15081400
-0.07208036
0.01601440
-0.20961647
0.12898681
-0.11651856
-0.10369799
0.09325698
0.07394470
-0.04863861
-0.10974056
-0.11237545
0.03537961
0.13874748
-0.06397393
0.16435739
-0.12403166
-0.08724589
-0.00885143
0.17682530
-0.10108914
0.04011522
-0.10855091
-0.03715141
-0.08494632
-0.15106821
0.14654741
0.06083575
-0.03867731
-0.16882601
-0.09886215
-0.02921702
-0.05856349
-0.25704202
0.00477717
-0.03170736
-0.04178603
-0.10561386
0.00308148
0.01987970
0.08273031
0.03532346
0.09962253
-0.02493461
0.02393096
0.00686169
0.04689495
-0.06708676
-0.14156827
0.13614212
0.11380788
-0.06649990
0.00074610
-0.02016968
-0.09603022
0.03061673
-0.05876704
0.17724769
0.01037509
-0.02999425
0.09882471
0.12780619
-0.05827640
-0.11048753
-0.16154128
-0.04704333
-0.07980113
0.05622851
0.04615070
-0.08002988
0.04012622
0.01852905
-0.07731701
0.16958643
0.10149990
0.13004301
0.12640831
-0.09093254
-0.08973493
-0.03902540
0.26408798
0.03301883
0.07100927
-0.04446437
0.17618543
0.04921272
0.11519384
0.12404327
-0.03973037
-0.11234914
0.04202839
0.07290772
-0.18172880
0.21704474
0.20565149
0.17463081
-0.09148744
0.23501803
0.09350067
0.20778027
0.00612196
-0.10536024
-0.04827688
0.16931474
-0.05706144
0.01688835
-0.17614779
-0.04389579
0.11407216
0.12345101
0.13249394
0.16961673
-0.06645857
0.02164494
0.08634839
0.12586011
-0.18242845
-0.05256271
-0.02995159
-0.11291331
-0.11567461
-0.04883856
0.06270880
-0.13291207
0.02271867
-0.12984598
0.12867130
-0.04883404
0.04520833
-0.07724301
0.08439151
-0.15547229
0.05156956
-0.03818232
0.02980041
0.10126033
0.10300529
-0.13489595
-0.01683669
0.00072940
0.04356444
0.16443200
0.02180024
0.21629147
-0.08922295
-0.09361038
-0.00240414
-0.01806781
-0.05279318
0.03223946
0.02928112
0.00854852
-0.05284833
0.03926684
0.12557845
-0.08230790
0.04395561
-0.13499437
-0.11821460
-0.11853641
-0.15211847
-0.27124241
-0.00012684
-0.18366070
0.03068370
0.03822357
0.10266951
0.05013222
-0.03996158
0.04200761
0.07403054
0.10396707
-0.02249593
-0.07678736
-0.13319694
0.03052352
0.01716652
-0.08341242
0.11651170
-0.11694214
0.05563841
-0.03286292
0.10910107
-0.00093823
0.07034504
0.15526879
0.08486199
-0.06993222
-0.02774876
-0.07852048
0.12923293
0.08334333
0.00529699
0.10579188
0.04233744
-0.16477300
0.05230924
-0.13991517
0.04989569
0.09808551
0.14627716
-0.03907086
-0.02225761
-0.00206821
0.04779315
0.16745780
-0.02470721
0.09507450
-0.26303169
-0.15609266
0.08936878
0.10420676
-0.00195240
0.01878150
0.01385603
-0.04239004
0.10850496
-0.16040571
0.11052713
-0.14758311
0.08287127
-0.24355404
-0.07731378
0.02021075
0.00852541
-0.24621253
-0.04173816
-0.11171899
0.02321216
0.09846319
-0.02425535
0.07534139
0.05637451
0.11518768
-0.04173126
-0.00410192
-0.04720762
-0.11179596
0.08366080
0.01187318
-0.12216500
0.13125950
-0.01942627
-0.11050595
0.02681239
0.12854965
-0.12237680
0.06795365
0.03605938
0.03252624
-0.17756355
-0.09104475
0.04014936
-0.03596317
-0.07350910
0.04012465
-0.04670150
-0.12497659
-0.09186841
0.06939315
0.14106843
0.00050429
-0.03463054
-0.18424067
0.05054585
0.02354955
-0.10004646
-0.06049517
0.07460119
-0.02112516
-0.13567129
0.12688705
-0.00591105
0.13780303
0.13458464
-0.11109114
-0.02970119
0.04277884
-0.01866804
-0.04817069
0.06517915
-0.09105176
-0.07774496
-0.21481337
-0.22755840
0.15307795
0.13702998
-0.01940219
-0.09604553
-0.05797861
-0.03511542
0.03641146
0.19667603
-0.19308992
-0.03879686
-0.00383570
-0.00199111
-0.02149261
-0.12093715
-0.08274452
-0.11226199
0.06808282
0.12124460
0.15957889
0.01347361
-0.09387578
-0.10917769
0.10651959
-0.05492599
-0.07856609
0.03018212
-0.04309788
-0.14851364
-0.02422814
-0.06792036
-0.22790094
-0.02894240
0.01602013
0.06633973
0.03232082
-0.07437824
-0.00911110
-0.04056338
-0.23253867
0.01674124
0.08908942
0.06201345
0.04229628
0.01918391
-0.05882167
0.04458413
0.07184022
0.11029507
-0.03890207
-0.03671921
-0.08402884
-0.16239940
-0.15632041
-0.06606850
0.11814073
0.06343435
-0.09208392
0.08846594
0.16093852
-0.03322072
-0.00723005
0.06140940
-0.09513190
-0.07616888
0.09134312
0.05178460
-0.07717445
-0.11175867
-0.23901382
-0.13811436
0.12387943
0.07697938
0.05798629
-0.08823684
0.09606647
0.10984952
-0.14862481
-0.06136717
0.12861322
0.10273121
-0.04452340
0.12499189
-0.10088000
-0.05608515
0.03854222
-0.01425177
0.08609920
0.11917129
0.08938377
0.02791010
-0.14370824
0.15192899
0.18832317
0.00654842
0.02305569
-0.00091552
0.04688317
0.13583350
0.01287869
0.01233371
-0.09315218
-0.08684979
-0.12807837
0.11531829
-0.09127869
-0.12402726
0.06121847
0.02100637
-0.02325712
0.09699962
-0.11550635
0.07755192
0.15188752
-0.09292619
0.09539848
-0.17482550
-0.04870413
-0.02894427
0.08624416
-0.08174642
-0.11007121
-0.05293419
-0.11576419
0.10083238
0.01978882
0.09828490
0.07873344
-0.02455786
-0.25142157
0.04483601
0.06371690
-0.11978531
-0.19527763
-0.15991290
-0.16506332
-0.02160590
0.03273855
-0.07191093
-0.08732126
-0.05169747
0.08221234
-0.05778512
0.06139270
0.12163137
0.01207673
-0.09132515
0.06284147
-0.12968573
0.05233779
0.01260115
0.09237723
0.11245173
-0.04043428
0.09527003
-0.05124241
-0.16208994
0.06775912
-0.05094768
0.00587927
0.05283758
0.01242036
-0.05506055
-0.13743910
0.08645558
-0.00401718
-0.07624365
0.01959285
0.11076904
-0.13312365
-0.13703187
-0.05066409
0.11621284
-0.07324149
0.01435939
0.11222709
0.10636722
-0.11323165
0.08097683
0.01125972
-0.15107574
0.07338873
-0.09844249
0.09185497
0.14283581
-0.02419458
0.14577371
-0.07776710
0.10435577
-0.11896610
0.04733146
0.07780507
-0.05880229
-0.15977420
0.00746379
-0.03034596
0.09395791
0.02347305
0.03338737
-0.03434461
0.19623215
0.04672755
0.07265005
-0.01995736
0.06567751
0.00338481
0.06903489
0.00811170
0.09637094
0.07049038
-0.01278321
-0.02654046
-0.14221819
-0.06171804
0.09271999
0.12016499
0.05229678
0.07845467
0.00063156
-0.08758964
-0.11309963
-0.00499937
0.10813984
-0.02897238
0.04639238
-0.09605663
0.10074564
0.04799947
-0.06671876
-0.10996138
-0.10272748
-0.05240379
0.00736640
-0.13345495
-0.08593507
-0.05659430
0.07452180
0.02883726
0.03724015
-0.13611464
0.07692984
0.06529347
-0.12662441
0.07578807
-0.11017527
-0.07301438
0.07939414
-0.00641348
0.00623472
0.01553148
-0.10117128
0.09751906
-0.04839366
-0.05009304
0.00289844
0.09971212
0.06610328
-0.19776312
0.10240883
0.15838178
-0.06169390
-0.18132409
-0.07040021
-0.07215441
0.00476069
0.03416694
-0.00864950
-0.08073787
-0.03514664
0.00445264
-0.08030787
0.11178348
0.09990273
0.09870238
-0.02761237
-0.01168465
-0.01136061
0.05775854
0.19356009
0.07444182
0.08115491
-0.00902023
-0.04852965
-0.08639227
-0.05724343
-0.06355703
-0.10518237
0.09175996
0.03700577
0.03263221
-0.03058809
0.15858214
0.08222929
0.08523426
-0.04474531
-0.00933141
-0.07595553
0.09066265
0.14674266
-0.05868340
-0.10509556
0.11558559
0.05256366
0.06598964
0.12875351
-0.04742029
-0.09525103
0.07729312
0.05128050
0.13543548
0.07063418
-0.15023856
0.11257800
0.08455651
-0.10606828
-0.04970245
-0.11603030
0.04016716
-0.13488980
-0.00917529
-0.06354569
0.17748357
-0.05035186
0.11453614
-0.09993725
0.27157134
0.01465719
0.16678877
0.10062084
0.11975214
0.05283824
0.13103439
0.06512939
-0.13734496
-0.04214249
-0.08043361
-0.07335527
-0.11140283
0.03086086
0.10613063
0.10501423
-0.08168429
-0.01257661
-0.03646193
0.05994409
-0.06750537
0.05186731
-0.01377685
-0.15719076
-0.02334725
0.01159037
-0.04581166
0.05217345
-0.04697967
-0.09611183
0.07009799
-0.15702598
0.05262445
-0.15882844
0.28829977
-0.13939846
-0.05398371
0.05043514
-0.01180051
0.08054508
-0.06429201
-0.01525069
0.11788850
0.12214963
0.00378356
0.08898507
0.02299929
-0.02896052
-0.05527496
-0.04043468
-0.06996046
0.12739091
0.04406244
0.04105695
-0.07766795
-0.00581705
0.00218544
-0.03822728
-0.07662872
0.02909900
-0.03045921
0.02874831
-0.07797413
0.02719653
0.14568242
-0.11235902
0.09382533
-0.14267808
0.11744188
0.08349156
0.06612892
-0.05619115
-0.00492966
-0.08864552
-0.17107184
0.06878759
0.04872796
-0.04767236
0.13205323
0.07525865
0.07930144
-0.03558803
0.06655493
-0.03200398
-0.03295157
-0.05885066
0.13588870
0.05870734
-0.15416512
-0.05175906
-0.04083376
0.06453930
-0.04461987
0.05325682
0.08344478
0.01351231
-0.05152925
-0.08693966
-0.05524113
0.12487602
0.03314263
-0.13878271
0.01246446
-0.01524285
-0.09442028
-0.05379708
-0.10898016
0.05399161
0.09918613
-0.02050187
0.22890012
-0.25012854
0.02434817
0.11008146
0.09684647
0.06813758
0.20780304
0.11806725
-0.00611750
-0.08141062
0.08320256
0.16345695
-0.10974660
0.00526097
-0.19221282
-0.06041969
0.05557401
-0.09585453
-0.10477246
-0.05656592
-0.04100299
0.14901260
0.01452614
0.00987484
0.09996267
-0.09344732
-0.12142392
0.05497103
0.13505241
-0.02733587
0.10996670
0.04557925
0.04183732
0.03980093
0.04848269
0.14674905
0.02896033
0.06361457
0.09938151
0.08731752
-0.06186208
0.11451707
0.13765480
-0.20910634
-0.07815684
0.00824770
0.15208761
-0.05006165
0.16045769
0.07150366
-0.09924603
-0.10373085
-0.01261971
0.08493973
0.07006428
-0.05115873
-0.11282082
0.08080718
0.08930582
0.15370660
0.02699551
0.06312588
0.22675020
-0.01265159
0.12549411
0.07273951
-0.03808808
-0.06293289
-0.13239177
-0.16413848
-0.14295556
-0.00906008
0.04514502
-0.11582334
-0.15497375
-0.05366862
-0.07409940
-0.06365347
0.00283222
0.01504848
0.06877250
-0.06862645
-0.01186986
0.00972225
-0.10147214
-0.04759612
0.05646051
0.08424080
-0.03395645
-0.04840550
0.04764001
-0.11122566
-0.01031493
0.04798259
-0.04431430
0.10114666
-0.00641886
0.05481008
-0.04779221
0.09345438
-0.10595096
0.14207110
0.04480446
0.05723474
-0.09786750
-0.11019354
0.01370756
-0.06212983
-0.01655598
-0.01621448
-0.04829406
-0.04808902
0.07765748
-0.04773808
0.09367231
-0.20862812
-0.05503381
-0.14890975
-0.12841541
0.07503057
0.00871933
-0.07724039
0.07024980
0.02126798
0.03693753
-0.02547813
0.04941018
0.04785763
-0.10294657
0.02990156
-0.06533728
-0.09482373
-0.03791077
-0.19909215
-0.15875489
-0.02573705
-0.14484565
0.09789424
-0.09723345
-0.08401691
0.15497608
-0.04881949
0.01280074
0.00682728
-0.18332504
0.02618716
0.12054711
-0.07553250
0.09220245
-0.08711110
-0.06478990
-0.06937172
-0.18658648
-0.20574366
0.10028413
-0.12578538
-0.08438740
0.00970215
-0.10654692
-0.08860376
0.03493559
0.05173089
0.01849190
-0.10158753
-0.03620143
0.00242659
-0.02265266
0.11728309
0.13125144
0.12064057
-0.16999495
0.06467489
0.09417562
-0.10046013
0.11143968
-0.01107830
0.00375609
0.05852699
0.03092357
0.13664833
-0.11526486
0.01754776
0.11495042
-0.14478055
-0.10134982
-0.02529387
0.13096085
-0.06791236
0.05652012
0.02108398
0.12981094
-0.11746418
0.09150895
-0.26382932
0.10788950
0.02880501
-0.12362549
0.14081635
-0.07378329
0.15396686
-0.00305898
0.10128345
-0.12489197
0.03213575
-0.14311257
-0.07392004
-0.13974366
0.10286435
-0.08848172
0.00824580
-0.18240006
-0.07900829
-0.00356445
0.16267173
0.07455888
-0.05410212
0.05380614
-0.06262044
-0.04947030
0.20153134
0.15504044
-0.04377402
-0.09284259
0.02887669
0.08562726
0.09472555
-0.10412240
0.10180652
-0.05223073
0.17635295
-0.05218615
0.06397370
0.14727072
0.04731603
0.03276616
-0.01350583
0.13382748
0.17516723
0.07222711
-0.09909093
0.06078217
0.06602244
-0.01908140
0.03112817
-0.04704715
0.07558980
-0.08278654
-0.04773418
0.02151051
0.03383286
-0.02212521
0.09293833
-0.12992866
-0.07712657
-0.08613022
-0.06848495
-0.18913259
0.23605441
-0.07720910
-0.08885746
-0.01852783
0.00950870
-0.07483775
0.05678264
0.10165001
-0.04849764
0.03720040
-0.12991159
0.18516743
0.07618911
0.15584643
0.12688485
0.19359995
0.14496484
0.28055596
0.11481375
0.22198263
0.11390165
-0.15811007
-0.12543102
0.09541132
0.04987906
-0.10347688
-0.15410669
-0.07657076
-0.13592364
0.16399121
0.02339106
0.07110817
0.09372707
0.07304037
-0.05508951
-0.03179869
-0.24741913
0.11778664
0.00464017
0.06486604
-0.05471811
-0.05967297
0.01385957
-0.05207164
-0.03387811
-0.03659650
0.19380561
0.06362396
0.17749098
0.18110314
-0.04642864
-0.15380584
-0.05951011
0.12590259
0.10651469
0.14938383
0.17835681
-0.06930216
-0.03331195
0.08939523
-0.16008124
0.00360306
0.06200834
0.06328489
-0.10214137
0.00999410
-0.05841994
0.17096154
-0.02869686
0.09748296
-0.03685595
0.08011958
-0.16906504
-0.05117770
-0.00705371
0.10756581
-0.09116259
-0.16683726
0.01811123
0.03563105
0.04921655
-0.02201006
0.03768031
-0.11257029
-0.15673907
0.14029489
0.02937152
-0.11159950
-0.02783637
0.11780703
-0.02830536
-0.02173088
0.00374659
0.06386427
-0.12494361
-0.12512596
-0.00916643
0.05273356
0.13825129
-0.04720319
0.17538391
-0.07894278
0.06590356
0.00467170
-0.04311204
0.11699147
0.09059042
-0.11763259
0.06571636
-0.12869425
0.12391815
-0.06003965
-0.04908166
-0.04795341
0.06048834
0.16243154
-0.18579757
0.11408117
0.05192041
0.02332509
-0.04475404
-0.07068163
-0.05495281
0.06368544
-0.06308742
-0.10734595
-0.01046811
0.00027881
0.00919998
-0.18910331
-0.14272343
0.09382744
0.08745742
-0.04342527
-0.04073176
-0.06823043
-0.07644480
0.28474113
0.02766530
0.06925102
0.18875858
0.08708017
-0.02653802
-0.17729335
-0.08020573
-0.16117474
0.06344922
0.06188153
-0.25704214
0.11071162
0.04371171
-0.03326065
-0.10080373
0.16682349
-0.01648368
-0.08282463
0.09175950
-0.15078625
-0.13143566
-0.24337772
-0.14744467
-0.05356763
-0.12392538
-0.11117142
0.02433445
0.15826590
-0.02026118
-0.02125341
0.11636718
-0.08639649
0.10999005
0.08718331
-0.07484456
-0.01559544
0.04844635
-0.02214828
-0.11506014
-0.09081101
-0.07340479
0.19567983
-0.05983523
0.07575732
-0.08495300
0.03562583
-0.12030947
0.08599905
0.01047830
0.06224010
-0.06057086
-0.03235195
-0.05167058
-0.23879698
0.27137539
-0.03100504
0.06817044
0.00186603
0.12147431
-0.07347633
0.02932978
0.05435745
0.04797328
-0.06724088
-0.13406934
0.16875631
-0.11351519
0.04305998
0.09889910
-0.03653536
0.18120140
0.13103034
0.02168351
0.08994018
0.11197373
-0.05705886
0.10950191
0.11907157
0.05520271
-0.05622585
-0.00858103
-0.14109831
-0.06761062
-0.02753146
0.11534197
0.06004509
-0.08508497
0.00352006
0.11243293
-0.02970664
0.01827844
0.02624215
-0.12499291
-0.02789487
0.15025175
0.01975220
0.22694638
-0.06976830
-0.14639498
-0.04553608
0.17442372
-0.12971763
0.03378609
0.07740194
0.05302295
-0.05215437
-0.00694368
0.01026007
0.07673519
-0.03966586
-0.01264053
0.11234906
-0.10025020
0.09608045
-0.13247272
-0.07834059
-0.12202621
-0.06059044
0.09163611
0.08646708
-0.14702789
0.13471507
0.03012536
-0.00057257
-0.13360816
0.14086178
-0.07677268
0.07443566
0.02244252
-0.02625019
-0.06713672
0.02927943
0.01232987
-0.10485061
0.06938766
-0.06325682
-0.07902732
-0.02968418
-0.05249095
0.06278475
0.12488997
-0.00893785
-0.15732940
0.00569384
0.17139101
0.06485284
-0.08893728
-0.07702029
0.15705974
0.10004029
0.05448667
0.11214809
0.09451605
-0.13814521
-0.00824984
-0.04435420
-0.02269274
-0.05137465
0.11023872
0.12178941
-0.01010455
0.00003933
0.00131030
0.03321964
0.06824616
-0.00772631
-0.01774804
0.09981534
0.00739397
-0.20689343
0.17742099
-0.04157630
-0.06996156
-0.14459471
-0.04084212
-0.13142079
0.21069460
-0.04541485
-0.07634240
-0.05119751
-0.19833398
-0.03416579
-0.09482861
-0.04823203
0.02296585
0.07065222
0.01432595
-0.07233018
0.06713916
-0.07444596
0.00056935
0.06456842
-0.12341931
-0.11249521
-0.03950867
-0.11583369
0.00967051
0.08025766
-0.04197886
-0.21513388
-0.03107373
0.01335611
0.03624200
-0.00148232
0.07039904
0.05063754
0.12413897
-0.14347927
0.04336861
0.06968182
-0.05157903
0.03333563
-0.21593949
0.01410038
-0.07136346
0.06868253
0.00846634
-0.00948941
0.08143155
-0.07825637
0.06989706
-0.03448849
-0.10750676
0.02249191
-0.19416305
0.03523994
-0.01315724
-0.12691292
0.05283196
-0.00744440
0.03326566
-0.07639269
-0.00290152
-0.03125553
0.12582067
0.00331068
0.06661131
0.12782764
0.13691702
-0.09261479
-0.18190064
0.13067845
-0.00058015
0.10740531
-0.12311620
0.19966803
-0.02899285
0.10998871
-0.12556139
0.09063616
-0.06574622
0.09796372
-0.02780469
-0.11330177
0.05020551
0.06463686
0.02006540
-0.03633391
-0.03693947
-0.08914875
0.06136283
0.05682371
0.04347919
-0.17464767
0.02980769
0.00993184
-0.04725039
-0.11390315
0.07638629
0.06488169
0.04506143
0.00223138
0.06440187
0.08607060
-0.03653179
-0.13897312
0.07443430
-0.06372053
0.09884997
-0.12293731
0.10807452
0.00272698
0.10640637
0.06186761
0.00375741
-0.00035582
0.02717062
0.05079787
-0.06686649
0.06170951
-0.07441825
-0.19184488
-0.03329597
-0.13840324
-0.11776052
-0.10080262
0.01667103
0.01427018
-0.11182416
0.06576878
-0.19102654
0.10736006
0.14095560
-0.12946412
-0.01164816
0.03047143
0.07522671
-0.06563797
-0.01591983
0.00185699
-0.12295520
-0.05744090
0.09140188
0.11701183
0.04646805
-0.03403939
0.07520175
-0.00819359
0.10100825
-0.01425826
0.03366312
-0.05233979
-0.05120808
-0.10546665
-0.13622025
0.05315667
0.05933457
-0.08868203
-0.12200917
-0.15244724
-0.11731380
0.04643057
0.06476012
-0.06018514
0.02436679
0.15500364
0.04194890
0.10832516
0.03229218
-0.15345295
-0.11541686
-0.09798126
-0.18025568
-0.09395975
0.01194009
-0.03280600
0.09137928
-0.00173262
0.05188295
-0.09805313
-0.11130424
-0.23142292
-0.02129091
-0.09206461
-0.05167839
0.06644572
0.01573852
-0.12918684
-0.06937768
0.12199600
0.00288773
0.01063624
0.00803614
-0.19905335
0.15752925
-0.02132405
0.15975377
0.08248427
0.01483639
0.06988879
-0.10969804
-0.01543343
0.15205291
-0.06955956
0.04020601
0.21522684
-0.00217011
0.12592009
-0.00572424
-0.07222938
-0.21192484
-0.03491940
0.11301357
0.13879582
-0.15592094
0.13745956
-0.03003673
-0.00001746
0.11341760
0.01874811
-0.00233892
0.17320168
-0.01945372
0.07532961
-0.07967042
-0.10531332
-0.02678717
-0.11995374
-0.17585917
0.15885778
-0.06926122
0.08456540
0.01355337
-0.10258281
0.07058336
-0.03871308
-0.01420461
0.08593278
-0.14524449
-0.19303559
-0.10971587
-0.04778490
0.01172855
0.00036032
-0.11039627
-0.07228296
-0.03457674
-0.12499011
0.06441098
0.01067497
0.17732383
0.04108471
0.13607466
0.06611162
0.06352165
-0.09405198
0.16099702
-0.07909920
-0.00116840
-0.09763324
-0.04515017
0.02659978
-0.04718307
-0.15271896
0.07307281
0.00965496
-0.00612094
0.21404946
-0.15235758
-0.05300966
-0.02347817
0.09889088
-0.08206250
0.06117512
0.06935760
0.08711230
-0.11870122
0.01563601
0.10974499
0.04110807
0.12298825
-0.03950126
-0.14425801
-0.12641460
-0.08805551
-0.02634917
-0.00476278
-0.16739349
-0.06607723
0.11644583
-0.05241921
0.05269973
0.08682132
0.05390095
0.00552893
0.14967893
0.06738594
-0.06141761
-0.08632735
0.01606819
0.02667516
-0.05800414
0.10473681
-0.00514533
0.21549809
-0.05102115
0.08526956
-0.18749006
0.04468556
0.06004089
-0.00363548
-0.04132177
-0.08196089
0.10285701
-0.13210121
0.04203802
0.00276800
-0.00986892
0.00241066
0.04824424
-0.17386973
-0.02832786
0.14298819
-0.05872129
-0.04549927
0.08894610
0.10268663
-0.01526504
-0.01747684
-0.18470088
0.03137819
-0.19227727
-0.02071048
-0.04350485
-0.10453735
0.00618296
-0.01460796
-0.12552175
-0.01673885
-0.10635278
0.11985569
0.07610307
-0.09725187
0.12244096
-0.00967858
0.13322012
0.01197014
-0.05571035
0.17200878
0.05570523
0.15209174
-0.09580865
-0.18391627
0.10626763
0.04920969
0.00053950
-0.00748051
0.04125010
0.00832874
-0.00242447
-0.05656726
-0.07152317
-0.18047300
-0.03253777
-0.03855873
0.10822813
-0.03098985
-0.07301752
-0.04230476
0.01467973
-0.06001141
0.00610831
-0.05603899
-0.25276557
-0.01755589
-0.03778157
0.10203635
0.00480159
-0.06103903
-0.02235189
0.04155258
-0.09152642
-0.10684092
0.02981395
-0.09046461
0.09406501
0.08089366
0.00524175
0.02731700
0.09785255
0.03394660
0.03061509
0.03415972
-0.05611662
0.04628751
-0.14334355
0.11412392
-0.02555483
0.08125574
-0.02105276
-0.12084969
-0.10421288
0.11169491
-0.11082615
-0.01620657
-0.16808446
0.03327753
0.02168916
-0.14619166
0.10655453
-0.00635144
0.02198489
0.05706946
0.19993216
0.02977455
0.22288103
-0.04103705
-0.18184742
0.13196512
0.07425318
0.01767786
0.11596441
-0.08704346
0.06227262
-0.11494832
-0.04170578
-0.08226462
-0.07126854
0.01020810
-0.10686542
0.04392687
0.05789527
-0.02867650
-0.06067215
0.09585238
-0.07317968
-0.03285811
0.06883110
0.22953962
-0.16826132
-0.09587505
-0.14524634
0.24508667
0.10711360
0.00479242
0.09925151
0.13955019
-0.10416334
-0.03232935
0.09175929
0.03846433
0.07312586
-0.07342641
-0.06099701
-0.15095125
0.08635761
-0.05648226
0.06220761
0.04816259
0.04381670
-0.04874090
-0.02064601
-0.05607713
-0.04570295
0.04093122
0.07588638
0.10712564
-0.02134946
0.07729960
0.07267295
0.08030123
0.05654852
-0.02777207
-0.16122274
-0.19696313
-0.07269220
-0.14149885
-0.26924175
-0.03441020
0.06682328
-0.17841227
0.09772480
-0.01718874
-0.03648422
0.11436678
0.05177866
0.11247389
0.06503053
-0.08750450
-0.09723161
0.09725673
-0.15639131
0.04164542
-0.16624190
-0.09330948
-0.11343049
0.27979845
0.04499853
0.01689557
0.06738357
0.05320007
-0.08145757
-0.12449571
0.01894561
0.03665051
0.03273752
-0.15927871
-0.01606329
-0.04317934
-0.03540649
-0.08978777
0.11414033
0.08584982
-0.04328695
-0.04830607
-0.11892181
-0.00875142
0.02963217
0.05033834
0.04667222
-0.01127249
0.04541899
-0.07908092
0.01925432
-0.03985072
0.06315073
-0.11008401
0.02938750
0.02177066
0.04592511
-0.14653143
-0.00726986
-0.17683937
-0.03067252
-0.01356847
0.10386105
0.02214419
0.09054621
-0.02766491
0.13348141
0.05608885
0.29019248
-0.12923713
-0.16458085
0.11721189
0.01354185
-0.01033289
0.09011406
-0.11885880
-0.05203655
-0.00325084
0.09925481
-0.06383451
0.03555836
0.17653638
0.04291490
0.14504260
0.23613164
-0.00704748
-0.17681624
0.09705282
-0.15148208
0.03369947
0.19229931
-0.08032595
-0.07705716
-0.05580117
-0.18917844
-0.04702621
0.08939672
0.09986117
0.05024483
-0.00746763
0.02946925
0.12826298
-0.21939237
0.08684287
-0.01638471
-0.13445739
0.02209825
-0.09834132
0.01908025
0.00977673
-0.01381245
-0.05878546
0.09008709
0.02240964
0.12744978
-0.09651871
-0.12129521
0.09561272
0.12354704
0.04577133
0.12262974
0.01579856
-0.05988652
-0.03863861
-0.15884253
-0.03043704
0.05102460
-0.13933040
-0.00561014
0.03562233
-0.06311879
-0.05551056
-0.03202479
-0.09192041
0.06490590
0.00868912
-0.04417180
0.14710274
0.08076577
0.05522054
-0.03826703
0.19871214
0.08889592
0.09796139
-0.01039820
0.00202119
0.01248932
-0.03011416
-0.02902485
0.04266506
-0.09658904
0.13134275
-0.08957493
-0.07016352
0.02760249
-0.05228158
-0.02358473
0.07835949
0.09225219
-0.08934128
-0.12394062
-0.04545436
-0.15444973
0.01783680
-0.13278852
-0.02813044
0.05055287
0.02871908
-0.00863056
-0.05005924
-0.06808178
0.09913696
-0.05384722
-0.00330364
-0.04896022
-0.00461916
-0.03482922
-0.04645342
0.13621002
0.01355164
0.08228936
0.00582891
-0.06850859
-0.11981927
0.00835119
0.00201172
-0.10509550
0.17102303
0.04464060
-0.04529077
-0.09397530
0.03596967
0.08546884
-0.01809413
-0.01970200
-0.09096371
0.08131116
-0.08466042
-0.06705242
-0.10680685
0.07017155
-0.07627807
0.00194215
0.02165966
0.04520504
-0.21097076
-0.09662161
-0.11815648
0.00545056
-0.03529846
-0.06960365
-0.04143618
0.05867970
-0.15138839
0.13398413
-0.08881134
0.05204959
0.01875472
-0.01674318
-0.14347066
0.06975427
-0.10839733
-0.08008102
-0.05500704
0.12039109
0.15500295
0.07155627
-0.05908689
-0.08165856
0.05471125
-0.00312175
-0.11330505
0.12279708
0.02943365
-0.01382204
0.01252998
0.03592989
-0.16565967
0.08611963
0.02624016
0.04897892
-0.05376219
-0.10584321
0.13921006
-0.01895668
0.05302273
-0.05364637
0.05972042
-0.09217031
0.07613144
-0.00132233
0.02872265
0.16428649
-0.02003434
-0.15917294
0.02713381
0.17250754
-0.08802141
-0.17456901
0.10066132
0.03540297
0.02361477
-0.07011940
0.00855533
-0.06560010
0.08860836
0.04628987
-0.00100182
-0.07453689
0.14304972
-0.12038570
0.10179769
-0.03062614
0.10440327
0.10275641
0.06580156
-0.15184708
-0.13001169
-0.10721350
0.02198749
0.11119764
0.15150774
0.07272616
0.12845068
-0.12845942
-0.02141746
-0.00858991
-0.01924963
0.01547020
-0.05914350
-0.08322337
0.00487807
-0.12277889
0.03474938
0.21142605
-0.01276129
-0.19240135
0.11462010
0.15024705
-0.09926517
0.03204630
-0.09342673
0.07663513
0.04170121
0.08271310
0.26350191
-0.07176617
0.10585190
-0.11557709
0.06356423
0.04777842
0.09045316
-0.16493267
-0.07196075
-0.10399085
0.09944869
-0.08338242
-0.14768538
0.04140774
0.08351780
0.04755994
-0.11592028
-0.00375322
0.19275744
0.21997456
-0.13708615
0.15836997
-0.00227307
0.05981055
-0.01152188
-0.09259508
-0.14603558
0.09891464
-0.13477814
-0.21189474
0.10039536
-0.03300090
-0.02926243
-0.06556519
0.07368422
-0.05254325
-0.09803148
-0.05868294
-0.24489042
-0.04979122
-0.17453431
0.15972136
-0.01431394
-0.21029289
0.22116226
0.12412680
0.01040680
-0.08266661
0.10751778
0.09309904
-0.09124456
-0.06096618
-0.05681553
0.03038336
-0.19750296
0.03525991
0.00576178
0.00866840
0.01620607
0.04477106
-0.14817467
0.15426601
-0.10118293
0.01099597
0.07446828
0.14833193
0.07756400
0.14936724
-0.04966830
-0.02398811
-0.12020482
0.07674164
-0.08702645
0.03518713
0.11451307
0.07942267
0.01552668
-0.04784447
0.24211776
-0.01562456
0.09932413
-0.10938660
0.06210996
0.10610019
-0.13080281
-0.02172836
-0.08886296
-0.08297773
-0.09572039
-0.08829114
-0.02237578
0.10252995
0.09491110
-0.06095611
0.00429245
-0.02188032
0.08908074
-0.01201362
0.03660433
-0.08800965
-0.12704489
0.07560091
-0.10692309
0.11190531
0.08349846
-0.00197069
0.03093486
-0.04883768
0.03613510
0.07315447
-0.15249227
-0.22736976
0.13444220
0.04936163
0.09678776
-0.03745659
-0.06370528
0.06576736
-0.12618068
-0.11640261
-0.08989329
0.02901045
0.13427660
-0.11280264
-0.01803974
0.04693478
0.05624055
0.02526718
0.19204040
0.17722836
-0.10101046
-0.18599433
-0.16517580
0.04492648
-0.09463128
0.07582087
-0.09315022
0.11418664
0.11871918
0.24360701
0.02110026
0.03244222
0.00111153
-0.10719210
-0.03671401
-0.17953253
0.01463897
-0.20555244
0.01861777
-0.09871902
-0.08475491
0.04864242
-0.05441996
-0.02121349
0.07163993
0.07482955
0.05813412
-0.05800544
-0.04217071
-0.17830074
-0.14822327
-0.12550877
-0.11256848
0.04251035
0.10018457
-0.19567907
0.10952893
-0.05465833
-0.13141556
-0.05676782
-0.04109137
-0.12363655
0.10164788
0.00505639
-0.17913464
-0.16595262
0.13578503
0.03158203
-0.06611707
0.15245804
-0.11208364
-0.17807753
-0.10002122
0.08607288
-0.06693875
0.12197924
-0.07954197
0.01524108
0.08618530
-0.06791294
-0.07940236
-0.03906928
-0.05775356
0.00416932
0.01539182
0.03608911
-0.20015740
0.18229756
0.08463420
0.05102373
-0.10346686
0.04892808
0.08712222
-0.02544646
0.13846691
0.10238077
-0.03044164
-0.12511303
-0.06880012
-0.22506854
0.04263760
-0.09215882
0.03454524
0.03774273
0.00337566
0.05342016
0.11105254
-0.17504364
-0.07461625
-0.00779044
0.22721620
0.12204837
0.02097310
-0.10366435
-0.03876455
0.05117150
-0.08790955
-0.04360186
0.09607666
0.01364409
0.03442697
-0.03433850
0.07234271
-0.16098467
0.12620942
0.04662616
-0.01053267
0.01049268
0.02613169
-0.00663463
0.05173122
0.14575498
-0.02316035
0.13311999
0.03388943
-0.12328739
0.19148137
-0.09460124
0.06403020
-0.07588777
-0.07825919
0.05049763
0.17340314
-0.02115583
-0.02345601
-0.13197684
0.01337234
0.03033517
-0.05447524
0.01549080
-0.06018535
0.07863157
0.12748899
0.04693621
-0.06888951
-0.15211122
0.09957641
-0.01719543
0.10658139
-0.06010535
-0.02063910
-0.07182135
0.14702544
-0.04237507
0.02254368
-0.02596132
-0.00614486
0.06771462
0.07615745
-0.00991794
0.01869906
-0.06072857
0.09264100
0.03465532
0.07102653
-0.08743347
-0.06260534
0.03076086
0.07010397
0.17259610
-0.05828816
0.05311885
0.14258496
-0.12485556
0.17202261
-0.08712866
-0.13984977
-0.14460236
0.09553666
0.13989067
-0.16670401
-0.11732921
0.11031487
0.05360401
0.05600819
-0.14765278
-0.05788035
0.00851052
0.13446006
-0.07314292
0.12866221
-0.18096685
-0.01908232
0.03889063
-0.05200154
-0.04865752
-0.02920785
-0.08776842
0.14799760
0.07576067
0.06312504
0.13858920
-0.06108762
-0.09209544
-0.05145355
-0.06708907
0.13069870
-0.16269687
0.08321285
-0.07603376
-0.06327967
-0.03770193
-0.01813754
0.19752248
-0.15281664
-0.02847376
0.11892528
0.11419849
-0.01133257
0.02821256
-0.08082883
0.08140522
0.02548699
-0.16330618
0.10863008
0.11934200
0.09798499
-0.02030661
0.16268420
0.09229224
-0.01346970
-0.07632383
-0.10638343
0.11416427
-0.00881860
0.06309276
0.08452237
0.06234295
-0.01319677
-0.09948695
-0.10314032
-0.04075924
-0.14862153
0.04407293
0.08819807
-0.11796869
0.08013757
0.07188141
0.06172853
-0.08315029
-0.05782809
0.02201772
0.06490952
-0.01955692
-0.00260254
0.10819439
-0.05834722
-0.01526096
0.09011179
-0.09465523
0.16997540
-0.12174726
-0.02847426
0.05851388
0.08361202
-0.03092986
-0.08997358
-0.02849864
-0.05728953
-0.11157167
0.05290476
-0.13725369
-0.00031517
-0.06442962
-0.09809092
-0.00609804
0.11927684
0.06080164
-0.00616464
0.03628945
0.08880028
-0.00148044
0.04469314
-0.14907786
-0.09966327
0.05591363
-0.01917362
0.10655727
0.10448754
-0.05631239
-0.06303667
-0.07769351
0.08261561
0.12775189
-0.03933696
0.11378174
0.03685334
-0.09062337
-0.02123054
0.13566700
0.11713225
-0.06549354
0.03679868
-0.06865972
0.08132884
0.09004679
0.08362489
-0.06362115
0.01595918
-0.03951458
-0.05418100
-0.01272890
-0.11408144
-0.10678876
0.04351119
0.07054413
-0.03586195
-0.03496795
-0.03845461
-0.06682901
-0.07999614
-0.12732552
-0.00842128
0.02643510
0.05307114
-0.08787146
0.13371085
0.14197439
0.11876075
-0.13633513
-0.00083526
-0.10342194
0.10701720
-0.09401398
-0.02055265
-0.14402953
0.07786483
0.09550437
0.00801649
-0.13730459
-0.04884344
0.08478061
-0.04706174
-0.05750024
-0.08198245
-0.02715257
-0.10926563
-0.05530969
-0.13364346
-0.10438602
-0.08673766
0.00816309
-0.05081500
0.06815667
0.14815000
-0.07316884
0.05436923
0.07064858
0.09001180
-0.03591798
0.01142438
0.14815626
-0.10703039
0.14567713
0.18478954
-0.03914427
-0.10905562
-0.04456529
0.01342889
-0.01050133
0.07694399
-0.09257858
0.02230940
-0.04546287
-0.06435741
0.01854095
-0.11578654
0.07552022
-0.01684816
0.09798398
0.14938085
-0.17339002
0.10713609
0.09051967
-0.04654223
-0.11251582
0.03574865
-0.03522460
0.15001222
-0.14001870
-0.11428148
-0.02707974
0.05654087
-0.00943636
0.08429559
-0.07283048
0.00515416
0.16230585
-0.03679389
0.09527082
0.05585516
-0.03347450
-0.04652210
-0.03457405
0.03911217
0.10366280
-0.08616589
0.12552442
-0.08324181
0.16957989
-0.01235546
0.00337918
0.07482150
0.02397601
0.19183198
-0.09792392
0.14682749
-0.09043231
0.04496770
-0.09611312
0.18956989
0.08980693
-0.11793163
-0.05529477
0.03495727
-0.03641125
0.08571198
0.01810247
0.15313120
-0.05994391
0.13147376
-0.10357172
-0.05945439
-0.10944062
0.06174894
-0.01130493
-0.02983210
-0.04258934
-0.09652723
-0.10818053
-0.11075459
-0.01565736
-0.15203723
0.02798529
0.06900090
0.20967512
-0.04485784
-0.05487416
0.00780930
0.01261819
0.04992449
0.11776029
0.13392836
0.12914692
0.04844215
-0.18394201
-0.00940558
-0.09184714
0.02843143
0.03654903
-0.13383272
0.11168197
0.09344800
-0.01688458
0.09638895
0.03537764
-0.05208365
0.03118273
0.01898495
-0.06122079
0.16222186
0.13557619
0.11453728
-0.07340415
0.13196655
0.13558954
0.07783118
0.00600352
0.12171967
-0.02777662
-0.02628657
-0.09497835
0.06413848
-0.03683050
-0.07443763
0.03396844
-0.02177147
0.03957083
0.01752872
-0.02848634
0.14851652
0.11168943
-0.09512777
-0.00472480
-0.00203327
-0.01049684
0.01424315
-0.00094340
0.01544061
0.01710241
0.07780243
0.12659982
-0.03287787
-0.07716171
0.19185571
-0.08956990
-0.00710911
0.08123843
0.18487884
0.04722743
0.02919119
0.11409514
-0.11748248
0.19369222
-0.06398296
-0.07294986
-0.10578916
-0.08447730
0.05491113
0.02549276
0.06005798
0.08210427
-0.00246426
-0.23039000
-0.07095125
0.10681942
-0.03550912
0.18619452
-0.00066376
0.04753445
-0.11299952
0.00464281
0.07391850
0.03154266
0.09186272
-0.18661228
0.00613821
-0.20115606
0.09585942
-0.19814248
0.06322705
-0.03434931
0.03575814
0.00465093
-0.09067965
-0.05383743
-0.03239430
0.10946870
0.19064827
0.03622218
0.10996877
-0.00794248
0.04318109
0.02204219
-0.10875709
-0.01684131
0.16014920
-0.09235324
0.07644167
-0.09905794
0.06142709
0.06783494
0.02956359
0.06634659
0.07028415
-0.03986844
-0.01287235
0.03872148
-0.08721348
0.03142111
-0.13492993
0.01935880
-0.01490053
0.09369086
0.05419629
-0.12582423
0.16439043
-0.05639909
-0.07596503
-0.05244201
-0.01959187
0.01130050
0.12147170
0.16310877
-0.09200349
-0.08354671
-0.00503080
-0.11196843
-0.06726581
0.09266111
-0.02146192
-0.10911603
0.00010765
0.11683880
-0.05572003
0.06975135
-0.03800445
-0.02860487
0.17128271
0.10710245
-0.17743477
0.02496757
0.01936142
-0.01640237
0.02900838
-0.18221889
-0.08033634
0.01720694
0.03587296
-0.04979628
0.08735994
-0.12316953
0.03040481
0.03710436
0.10393523
0.02823542
0.05706184
0.07422636
0.10604336
0.11529489
-0.01957978
-0.07275760
0.01497829
0.09610511
-0.13091256
0.07453981
-0.04058697
0.00471508
-0.11104517
0.08212719
-0.13167597
-0.08332630
0.07716849
-0.02166703
0.08087436
-0.07153378
0.11050179
-0.15373500
0.11479194
0.03222773
-0.04771802
-0.02003562
0.07904240
-0.03727070
0.18301237
-0.03600891
-0.10743875
-0.15876801
-0.04312916
-0.12312447
-0.02073770
-0.19899979
0.10696512
0.15349995
-0.11218239
0.06895083
0.22341786
0.01205350
-0.07088665
-0.00652090
0.06254764
0.17117448
-0.08541607
0.09119925
0.03124237
-0.13077785
0.08062973
0.05591073
0.04856302
0.00964742
-0.09792092
0.11977573
-0.08050305
-0.08979679
-0.02808736
-0.05371971
-0.07866529
0.08860463
0.01626055
0.04598458
-0.05847827
-0.09450686
-0.11183179
-0.07991248
0.11749240
0.02988560
0.06784932
0.06234452
-0.04954871
-0.08175261
0.04575717
0.06317285
-0.08894953
0.05374690
-0.08864284
0.09329628
-0.00402039
0.18202674
0.05555680
0.09722812
0.06778456
-0.02351762
0.16658810
0.01155769
0.10476799
-0.07681583
0.11336347
0.11248146
-0.06776887
0.13631561
-0.02321895
0.13407817
-0.08240826
0.14489402
0.05919215
0.00040112
-0.05524971
0.12355452
-0.00404575
-0.01002510
-0.11596445
0.05419929
-0.06683736
-0.02635482
0.06752767
-0.20345871
0.01491361
-0.04074255
-0.08838437
0.01456745
0.01938412
-0.05245448
-0.06501152
-0.10029407
-0.07440677
0.14423467
-0.12019181
-0.08655357
-0.07603225
0.03178368
0.05396908
-0.03341332
-0.06441604
-0.02065588
0.02917263
0.09615105
0.10612050
-0.06275097
0.16968608
0.05585619
0.20644069
-0.02033978
-0.00296649
0.03045596
0.00954927
0.08334247
-0.10309687
0.17827055
0.13067825
0.11474932
-0.13611715
0.14798963
-0.05190351
-0.05707325
-0.02990031
0.13188478
0.11714897
-0.00645242
0.08468252
-0.15010913
-0.04044684
0.04022380
0.11040412
-0.05582743
-0.02597085
-0.07246114
-0.19351603
-0.08597597
0.13117118
-0.06083182
0.13993575
-0.00782952
0.16013360
0.07992622
-0.09226517
0.09780651
0.03777699
-0.09680949
-0.07347611
-0.03100311
-0.01652776
0.26193729
0.09495761
0.02746813
-0.10630587
0.15894133
0.06703915
0.15866008
-0.01293972
0.03022580
0.05996405
0.08687471
0.03678398
-0.12887651
0.00674927
-0.00420851
-0.02166012
0.03900452
0.19843358
0.18949990
0.16590306
0.04318253
-0.02057023
0.10673222
-0.12959419
0.03017877
0.11859982
0.14478835
-0.02164801
0.02978084
-0.09425525
0.03076680
0.17185427
-0.04033638
-0.00152744
0.09153853
-0.01270948
0.07643313
0.02709182
-0.06901379
0.02654419
-0.03151455
0.05212354
-0.21173324
-0.14654732
0.16333103
0.01826572
0.09157263
0.05614372
0.09725361
-0.19048963
0.08360545
0.02256997
-0.15942018
0.16772969
-0.15380111
0.03541148
0.11255785
-0.09049525
-0.02215346
0.17389742
-0.02508438
0.07194382
-0.13783133
-0.14226750
0.02456663
0.01953815
-0.02035159
-0.15083832
-0.17177252
-0.06596085
-0.04484161
0.14915213
-0.00360592
0.03243025
0.16316153
0.08701469
-0.17975564
0.00435814
0.09762336
-0.04819139
0.06523849
0.05059366
0.06511617
0.04156580
0.09086381
0.18820338
0.14315917
-0.01817286
-0.01818920
-0.10851090
0.01177786
0.01323811
0.21162961
0.04410466
-0.04522197
0.14200862
0.07843030
-0.10900388
0.03608587
0.15799604
-0.10727283
0.09663358
0.08407774
0.14165282
-0.07247698
0.07638961
-0.16226651
-0.02177257
0.10909069
0.09486983
0.05268652
-0.06968053
-0.10859934
-0.04961683
0.15075432
0.04115669
0.17115515
-0.04421582
0.16898133
-0.05954725
0.03956246
0.12970199
0.04862823
-0.14450069
0.03273310
-0.03064334
-0.12156507
-0.08392195
0.18673064
0.10392569
0.11090939
-0.03728750
0.04490634
-0.05996327
0.10444693
0.01576706
-0.04629183
-0.03313556
0.09650993
0.17671625
-0.15868610
-0.13264506
0.08435065
-0.00293779
0.05206506
-0.06990572
0.15692204
0.04611840
-0.12877102
-0.08845899
-0.02403809
-0.09488876
-0.10659409
0.11021354
0.04189994
0.00698462
0.09465566
-0.05217425
-0.14689147
-0.15158460
-0.09694890
0.10868080
-0.04344109
-0.06689341
0.09505717
-0.04525603
-0.16635753
0.00257452
-0.06465832
-0.03237616
0.11584888
0.11685912
-0.22222696
0.01962565
0.00052482
-0.11719134
0.08853231
0.15758707
0.12950090
0.08696387
-0.04898458
-0.09819628
-0.03034972
0.03686450
-0.01448777
0.10819604
0.04629045
-0.13528556
0.07614002
0.12600102
0.00444645
-0.04437416
-0.13169004
-0.03191506
-0.14578767
-0.06043641
0.00824499
-0.09872556
-0.00073231
-0.10025316
0.06380596
0.10468822
-0.00122582
0.07427993
0.10732711
-0.10559306
0.01858667
-0.03031573
-0.11049876
0.05330206
-0.03937855
-0.18929327
-0.01918689
0.14042178
0.02818279
0.00550625
-0.09275941
0.00130298
0.00297756
0.00632709
0.01020033
0.10884369
-0.11004475
-0.02599191
0.05516640
-0.02676043
-0.04454454
0.04748172
-0.07475791
0.14990182
-0.04432558
-0.17641653
0.04162614
0.03081382
-0.04279942
0.09127608
-0.11235604
-0.20315668
-0.03055994
-0.03830239
0.08593868
0.17236122
0.21539998
-0.11323868
-0.05241948
-0.15698698
0.05822870
0.08717300
-0.01589051
-0.11939964
-0.00518864
-0.07424100
0.08413994
0.10323389
-0.01627769
0.02638546
-0.10295415
0.03975460
-0.19811995
-0.11335508
-0.02690480
-0.05342701
-0.03828598
-0.10507965
0.09224948
-0.08995316
0.01193426
-0.08902581
0.18037577
0.09293383
0.15147868
-0.07970572
0.06969590
0.00778875
-0.19601470
0.04092658
-0.16832827
-0.06293232
-0.01661648
0.19413386
0.08949485
-0.02157827
0.08489998
0.09388465
-0.05833759
-0.00660029
0.17196786
0.01143679
0.03281092
0.13406576
-0.06946542
0.02980322
-0.08801834
-0.04501281
-0.06523643
-0.28737622
0.13117653
-0.13018975
0.16922596
0.08896587
-0.13562532
-0.26234150
0.13220792
-0.07662095
-0.03424098
0.19051661
0.06152137
-0.13699216
-0.14606673
-0.02611310
-0.13072537
-0.00767959
-0.03238380
0.06616868
-0.03910271
0.06081356
0.11796091
0.01182206
0.13011499
0.09951372
-0.09250853
0.06593147
-0.20041828
-0.14752676
-0.15148664
-0.03675666
0.04154572
-0.15838788
0.03673155
-0.02414396
-0.03552116
-0.10860842
0.15046526
0.24057890
0.05644064
0.13861203
0.03732900
0.01281315
-0.09287516
-0.10085716
-0.08449157
-0.16563946
0.09401678
0.01026541
0.13006996
-0.00770772
0.04431547
0.14668012
-0.11666916
0.18140909
0.16614498
0.09537451
-0.12514289
0.09788832
0.03368250
-0.09114422
-0.02060355
0.10523088
-0.07710009
-0.02872946
0.14879620
0.02676086
0.00782691
-0.02407569
0.06263752
-0.11723503
0.10223896
-0.10965783
0.09458297
0.05876201
0.13237746
0.06345326
-0.03496465
-0.14245060
0.01076115
-0.06393439
0.02546632
-0.01968485
0.10635807
-0.01650988
0.06081796
0.12933348
0.00623133
0.18172956
-0.09679163
-0.02334024
-0.03077439
-0.04998633
-0.02957041
-0.03692182
-0.10130619
-0.08927448
0.04113967
0.09665705
-0.09772458
-0.09010622
0.06898965
0.22747573
0.06388270
-0.10610387
0.05594562
0.11243259
-0.08600196
0.12710321
-0.10384759
-0.07591532
-0.10483703
0.06165719
0.03333772
-0.03764313
0.03217986
-0.06994771
0.05973249
-0.09692773
-0.01010647
0.01746558
-0.03417363
0.19468231
-0.12116136
-0.12305566
-0.02096292
-0.12473827
0.22431757
-0.17149559
-0.01565584
-0.08655950
0.15447946
-0.10008883
-0.14354737
0.05887930
-0.01355403
0.00060489
0.03739864
0.15432945
-0.05057513
0.05154261
-0.18067451
-0.01272700
-0.20698935
-0.03905716
-0.17621228
-0.00538431
-0.01211604
-0.05145005
0.15713812
-0.01791807
-0.03298538
-0.04225442
-0.12235699
-0.06041658
-0.22201480
0.09641644
-0.14437373
-0.08672659
-0.08638931
-0.27133930
-0.00820261
-0.12113054
-0.06273644
-0.06170115
0.11701266
-0.00411263
0.01328072
-0.05523473
-0.09475778
-0.14596452
-0.00285775
-0.09129169
-0.13721520
0.00981510
-0.12493905
-0.15741189
0.09773646
0.06169395
0.14521894
0.23353526
-0.15082523
0.00315895
-0.29308230
-0.00536049
-0.15205407
0.18302849
-0.01442758
-0.09235001
-0.05205880
-0.00006367
-0.04937007
0.01684765
0.03882489
-0.03055535
0.10959952
-0.00929566
-0.01758651
0.04150918
-0.09252945
0.08597913
-0.03775432
0.02487914
0.17916526
-0.22039221
-0.22393382
0.02688460
0.03774218
0.06346969
0.12934534
-0.10294322
0.07007059
0.08833144
0.03115262
0.09609114
0.01873977
-0.10325561
-0.19269916
-0.00486860
-0.00141549
-0.02151698
-0.11830622
-0.03922618
-0.00772885
-0.03453948
-0.01176012
-0.07226675
-0.01642947
-0.03495266
-0.08979073
0.13388373
0.16834629
0.10107379
0.10434249
-0.03322276
-0.10946681
-0.03886212
0.13421036
0.02083119
-0.14535199
0.09744769
0.12714525
0.02303216
-0.16389072
0.13791636
-0.03802408
0.07941706
-0.10655680
-0.02730024
-0.12908092
0.08671410
0.04180826
0.07462268
0.08369992
0.13882540
-0.21721430
0.07225369
0.10279699
0.07601830
0.16420165
0.08006214
-0.09922664
-0.04920250
0.08771431
-0.01094442
-0.00821892
0.08690552
0.14216407
0.05492776
-0.20185909
-0.03718793
0.01521470
0.04576807
0.02462163
-0.08047555
-0.11259456
0.08775447
0.06576604
-0.03596710
-0.01168183
0.08561552
0.00166894
-0.16196497
-0.01864514
-0.13433865
-0.13600500
-0.07216948
0.04392501
-0.20345068
-0.05941570
-0.16142720
-0.07451075
-0.01618079
0.04669078
0.05072089
0.02468852
0.10838298
0.02647066
-0.12616967
-0.18084495
0.01779688
0.05078380
0.07802196
-0.01840778
0.10258486
0.03958792
0.02924894
-0.17202662
0.11270802
0.07462598
-0.05642435
-0.05081175
0.05630654
-0.14739545
0.02670783
-0.04558043
-0.08954564
-0.03477028
0.05185456
-0.06856374
0.12733088
0.09433643
-0.07479215
0.03752194
-0.04261648
-0.03928078
0.08621689
-0.16587655
-0.06598727
0.05225391
-0.11850268
0.08579016
-0.13922721
0.03735864
-0.09041385
0.09043133
0.06128150
0.13690032
-0.02966235
0.05121993
-0.05687716
-0.00473761
-0.01853921
0.00350698
-0.13195516
-0.22181672
-0.01424377
0.11661225
-0.13440835
-0.26392192
-0.12744664
-0.08235931
0.07289425
0.00981545
-0.05184164
0.02367299
-0.02376893
-0.09079157
0.17375349
0.04126817
0.13282163
0.02282021
0.04829637
0.01651883
-0.15348129
0.08234197
0.20506477
-0.13389815
0.23112793
0.01473544
-0.05380895
-0.02267064
0.05260494
0.19263314
-0.13450876
0.00204191
-0.05716896
-0.09751263
0.02784564
0.20079376
-0.05746734
0.05673555
0.08849441
0.08505749
-0.09808614
0.05755922
-0.06762357
-0.01741125
0.01993693
0.06446479
-0.08253447
-0.00710888
-0.06813416
0.11470183
0.10712635
-0.01160338
-0.14761436
-0.08476239
-0.13330971
0.07760029
-0.09733120
0.03682847
-0.11505097
0.08864413
-0.07698817
-0.11527224
0.17946477
0.09106345
-0.01332532
-0.18390965
-0.04023233
-0.04583598
0.05357686
-0.11907070
-0.12533881
-0.14454943
0.03035690
0.02895989
-0.07249025
-0.10039154
0.01418774
0.10033946
-0.05137094
0.04483549
-0.10983188
0.04252294
0.05298542
-0.07827763
0.07757495
0.08046123
0.18774740
-0.13804890
0.06448672
-0.10739844
-0.16339380
-0.02350368
0.09807343
-0.00787263
0.01866851
0.06237318
0.11002135
0.08167705
0.05911972
0.19809535
-0.07294667
0.11132682
0.09202718
0.09291198
0.01045858
-0.01763485
0.17411020
0.08189264
-0.03948971
-0.01954579
-0.07923243
0.12503451
0.08652185
0.05816449
0.09002796
0.04387805
0.06018935
-0.07392525
0.09495336
-0.00483064
-0.04068214
-0.06492422
-0.03376326
-0.09154567
0.05035952
0.07019331
-0.02585224
0.05049219
0.01191279
-0.05300978
-0.04867738
0.08667551
0.09502430
0.00393420
0.15767176
-0.03280991
-0.04349134
-0.05783601
-0.06844235
-0.07222103
0.10742806
-0.00892271
-0.01524555
0.07584345
-0.08953004
-0.06189693
0.04599667
-0.18991746
0.06755066
0.01072122
-0.17790879
0.11112665
0.08151744
0.10382939
0.05784487
0.09599222
0.09695625
-0.07725023
-0.09640046
-0.10625341
0.02182288
0.10595860
-0.05127071
0.09643062
0.15592393
0.02868514
-0.06445337
0.09413343
-0.09728757
0.09250730
0.16868821
-0.02574331
-0.11505172
-0.11721922
-0.02699922
-0.07676089
-0.03663803
-0.03221938
-0.18864875
0.02519849
0.14765498
-0.10923910
0.11529386
0.03414211
0.08817695
0.13704677
0.15996616
0.01230437
-0.04991216
0.13517793
-0.11347799
-0.05849143
-0.00577669
0.18679675
-0.01288444
-0.16454020
-0.04184528
0.09340531
0.09573387
0.12433882
0.04139129
0.16743462
-0.09807613
-0.13096473
-0.05184586
-0.13511813
0.16361091
0.03318483
0.04483328
0.12891583
0.10414206
0.12722617
0.12670432
0.06690699
-0.02494106
0.08563893
0.03101909
0.07123006
0.13005899
0.17972857
-0.01507242
-0.00220722
0.00733780
-0.17975286
0.08609127
0.01177775
0.12436666
0.00108779
-0.02789053
0.10280655
0.10445249
-0.03743595
0.14004458
0.17131992
-0.01437731
0.04794066
0.02744113
0.09879708
0.11107291
0.09719322
-0.11249305
0.13844204
-0.15763056
0.21849062
0.01334964
-0.06270190
0.03440789
0.14639145
0.05652724
0.12885137
0.09507905
0.15576699
-0.09428107
-0.07960193
0.04137376
0.03190580
-0.02953401
0.06932365
-0.04616985
-0.09656946
-0.08750530
-0.11187031
-0.11732050
-0.03223619
0.11594319
0.06519353
0.02054059
-0.00457130
0.00046183
0.04472399
0.02508708
-0.03093295
-0.06504580
-0.10733148
-0.04921028
0.02973912
0.10727724
-0.09526868
0.13858041
-0.01074793
0.16007473
-0.01414351
0.01016038
-0.02950249
-0.15751116
0.24409476
-0.17012447
-0.05671716
0.13186538
0.04870679
0.13336255
-0.06390592
-0.08835302
0.00377122
-0.06211954
0.05378332
0.19006249
-0.03427935
-0.10669196
-0.05087798
0.06509744
0.15577555
-0.13946779
-0.04549946
0.03332366
0.02299643
-0.00743723
0.08962363
0.05560913
0.13602790
0.04596424
0.12916067
0.07957763
0.21615672
-0.04667079
0.05331738
0.09019195
-0.02685722
-0.03291620
-0.14342149
-0.05876499
0.07291421
0.01617811
0.14021030
0.02505674
0.06309356
0.00183287
0.00867860
0.02369669
0.05404454
-0.09126030
0.11323292
0.10253249
-0.07382687
0.02789419
0.00598242
-0.04222274
-0.02498212
0.15897246
0.05381175
0.08462095
-0.02529288
0.12613778
-0.00573205
0.09696810
0.12964109
-0.08547200
-0.10015597
0.04938351
0.23482324
0.02328333
