00001100
00000000
11101000
11101110
00000111
11111001
00001100
00011100
00011001
11111111
00001010
00001010
11100111
00001000
11101001
11110001
00010001
11110111
11111100
00001100
00000110
11011011
11111011
11111011
11110000
11100100
11111000
00001000
00001001
00000100
11110101
00000001
00000011
11100001
00101010
11111001
11101000
11110000
11011100
00000101
11111001
11100101
11110110
11110011
00001101
00010111
00100000
11101010
00001100
00011101
00010110
00000100
11111011
00000101
11101010
00010000
00000100
00001100
00100011
00010000
11110000
00000000
00000110
00010110
00001000
11110010
00000011
00000100
11100100
00010010
00001100
00000001
00000001
00000001
00001100
00001101
00010100
00001010
11100010
11110111
11100011
00000000
11111100
11111111
00010111
11011000
00100010
00110100
11111000
00000101
00000110
11101011
00001001
00001001
00010000
11111110
00000010
00010100
00011001
00001110
00010000
11110111
11010111
00000101
00010101
00100001
11101101
00001101
00001111
11110110
00000000
00010111
11110001
11101110
11110101
00010110
00000100
11111001
00000000
11111101
00011010
00010100
11111111
00000000
00000001
00010000
00011001
11111000
00010100
11111010
00001000
11110010
00001000
11101111
11111011
11110001
00110001
00010101
00001011
00000001
11111101
00011000
11011111
00100000
11111111
11111101
00000001
00010100
11111011
11101100
11011010
11110100
00000010
00010011
11100101
11100011
00000011
11111100
11111001
00001000
11011101
11100100
11110011
11101111
11111100
11110001
11110000
00011000
11110110
11100110
11100100
00000011
00011100
11101111
00000010
00010101
11111010
00010001
11110011
11111111
11011100
00011011
11111101
00010011
11111111
00001101
11110001
11101110
11111110
00010100
00000011
11110101
11110110
00010111
11101101
11110111
00000110
00011000
00010011
11110000
11110010
11111010
11101001
00000111
11101100
00000001
11111111
00010001
11110101
11111101
00100000
11100010
00001010
11101111
00010000
11111111
11101001
00011001
11101001
00001100
11110011
00001001
11110011
00010011
11110010
11110001
11110100
00010010
11100101
00000100
00010101
11110010
11111110
00010011
11110110
11100111
00001111
00011111
11101100
11100111
00100001
00101111
11011110
00011001
11111000
00000011
00010110
00001000
00001111
00011000
11111000
11110100
00011001
11111011
00011010
00001011
