0010110110010000
1011010110110010
1010100110101011
0010110110100000
0010110111010100
1010100001100101
0011001000101011
0011100000101010
1010110101111111
1010111000101111
1010111001000011
0010100110101010
0010110001100111
0011000001010101
0010111010111100
1010111011010000
1001111101110000
1011010000011010
1011000110000101
1010101000011101
0011010100011101
0001110101100000
0010001111001001
1011000000111110
0010101001101101
1011000110100000
1010101100101111
0010101001101001
1010110100000011
1010110111000011
1011011011010011
0011001111001001
0010101010011001
0010111110100101
0001110000000100
1011000010000011
1010111011010100
0010101010101111
1011000011101000
1010010101100010
0011001011100100
0011001011001110
1011000110001000
1011001111001010
1010000000100001
1011000100111111
1010010101100010
1011000000001010
0011010100010100
0011010010001111
1011010000100100
1011000010001011
0010011001011010
1010001000110010
1010111010011101
1010100000001100
0010101100010110
1011001111101000
0010111101010000
1010110010001010
1011000110010101
0011000001001000
1010110011001000
0010110100111000
