0010101001001010
0010111001010100
0011000000010101
1010111000001101
0010110111011100
0010001010100110
1010110000111101
0010110100010101
1010011000000000
0010110010110001
0011000011000111
1010110011111010
1010101010001010
0010110111011111
1010110000101100
1010110111001010
1010110110100100
1011000110101001
0010111011111110
0011000000011110
0010011100111111
0010110011101110
1010000010010010
1010011110101110
1010110111011010
1010111001000101
0010110101010100
0010111111100101
1010111100101101
0010110010100111
1001010100111010
0010101100001001
0010011111100110
1010110010011110
1010111011111010
1010110000000001
0011000101100100
0010111001100000
1010011010110000
0001110101110100
0010101111011101
0010100111111111
0010100101110101
0010111011100000
1010100100000001
0010100000111101
0011000011010111
1010101110110101
1010110010011011
1010111000101110
1011000100111010
1010110011101101
0010110000100111
0011000000000001
1010011011011010
0010110011110101
1010011001010110
0011000011110111
0010000000111100
0010111010011001
1010100011011110
1010101011001100
0010101000100111
1010100010010011
