0.10728538
0.12158454
0.02441633
0.06993123
-0.04255642
0.00619035
-0.09101105
0.08123831
0.09716830
0.06501119
-0.10279445
-0.07290632
-0.01216865
-0.12214250
0.00018875
-0.09668925
-0.03968884
0.04664078
-0.10445426
-0.08903617
-0.05854011
0.08032531
0.00605351
0.06387385
0.04751847
0.04110884
-0.00010495
-0.08098595
-0.01624915
0.09815058
0.05597907
-0.05700634
-0.10487375
0.08277710
0.10543698
0.02198603
-0.02502832
-0.06089104
-0.02301816
0.01614461
-0.02366634
-0.11119586
0.13384600
-0.07234497
0.02754967
0.04403463
0.09750267
-0.10637312
-0.03547803
-0.07497601
-0.06218859
0.11181283
0.09117112
0.05262663
-0.11064728
0.00141907
-0.03902630
-0.02257802
-0.05406401
0.11076909
0.00654162
-0.08424547
0.08165272
-0.00051298
