0010111001110001
0010100010001000
0011000001011111
0011001000011111
1011010000011101
0010100000101110
1010101000100100
1011001000101001
1011000101100000
1010000100101110
1011010001101100
1010011011111010
0011000100011110
1011000000100000
0010110001001011
1011010011000011
0010111101011000
0010101010011110
1011011011001111
1010100101101001
0011000100010101
0010010011110100
1010111010110111
1011000001011010
0011010011101000
1010100001011001
1010110000011111
1010100110111110
1010111101110001
1010111100100100
0011000100111000
0011010110101111
0010111111110110
1010100010110011
0010101101110111
0010011101111010
1011001110101000
1011000011001110
1011000000010101
0011000010111111
0011000001111000
0011100011010111
1011011110010010
0010110101011111
1010100000110101
1011001001010100
0011000111100100
1010110101011100
1011010000111101
0011100101001001
0010001001001010
1011000111110101
0010111010110101
1010110010000000
1011000100111111
0011001101110100
1010111111110011
1000110011111101
1010100100110001
1010011100100011
0011001000000100
1010110010010110
0001100001101000
0011001000010010
0010111100111100
0010101010010111
1011000101000011
1011000010001010
0011000110001110
1010100111001100
0010111011001010
1010101101000011
0010111111110100
1010101111100000
0011000011000001
0011000011000100
0010010000101110
0011000111011011
1010100110010001
0011000001111011
1011001101101100
0010111000100100
0011010101011010
0010111011001001
0010100110010011
1010100110110001
0011000000011011
1010110101110110
1010100011010111
1010110000011010
0010111101000011
0010011101100101
1010011100101011
0011000011101111
1010100101000101
1011010101010011
1011000110010111
1010101001110000
1010110100010111
0011000100111010
1010011001100100
0011000110111101
1010101100001011
1011000101010111
1011000011001011
1011011001011100
0011000010111100
1010001001100110
0011000000001001
0010110000111111
1010110101100010
0011000110111101
0011010010100010
1011100001000010
1011000101011001
0011000010100000
1010110100010001
0010000111100010
0010110011111010
0010110000010010
1010111010100101
0010101001111100
1010010011101011
0010110011100010
1011010001101010
0010100001000011
0010010110010000
1011000111100110
0010101010110100
1010011101110110
1011000100000110
1010111110111101
0011000100101100
0010111111101001
1010110010000011
0011000010100110
0010111101101101
1010101010110100
0011001111110010
0010111001111011
0010001110100101
0011000000011101
0001101110100100
0010111010010100
1011000100010101
1011000001011111
0011001011011110
0010110101111100
1011000001000011
0011001000011110
0010111010000111
0010110101000110
1011001011011100
1011000110011000
1010010000001011
0010110011011001
0010111000110101
0011000011011100
1011000000101101
1011000111111101
1010111010111100
0010110001011011
1011001001001111
1010001010110001
0010011111101001
0011001000110101
0010110111011000
1010111101000010
1010111101010100
1011010011010011
0011001001111110
0010000110101100
1010101000001101
0010100100010100
1010111100000000
0011010001101010
0011000011110101
1011100010011001
0010001000110111
0011010001001110
1011001001101001
0011000000111011
1010110101011011
1010101000010110
1010001000101001
0010111101011100
0010101100010110
0010100010000110
1010110011100010
0011000110100111
0011000011100010
1010110100000110
0001110111000011
0011000010000010
0011001110011111
0011010001111010
1010110001000101
1011000011001111
1010111001101000
0010010011000000
1011001011110011
0011000010000011
1011010110011010
1011010000110101
0011001100000101
1011010100001111
0010111001101001
1011011010010011
0011010100101000
0010111010111110
1011011111011011
0010011101100011
0010110011101011
1010110100101110
1010110000010011
1011010010111100
0011010100011101
0010111011100100
1010111010110111
1011001001010100
1010010000111011
1010110011101010
0011000111010100
0011001100000111
0011001110011111
1001010001110010
0010110011100101
1011000001111010
1011001110010010
1010110011000010
1011000101011101
0011010101101100
1010101000010011
0011100000101001
1011100010000111
0010110000111110
1011001110110011
1010110100111110
0010010100110000
1010101011101100
1011010011110010
0011101001011101
0011000000111101
1011011011100000
0011001111110001
0010010001011100
1010011010011110
0010111111101010
0001100100101111
1010111001110101
0011000000110100
1010110111011001
0011001011000001
1010110001000001
1011000111101010
0011000110100000
0010001101110100
0011001000010010
0010111110011110
0011010010101011
1010101000011101
0010000100011011
1011000011000010
1010001101111100
1010000011001111
0011000001100001
1011010100011001
1010111011011111
0010110011010011
1011000011101101
0010110100000010
1011011010101110
0011001110100010
0011000001001001
1011011110100111
0010100010100101
0010100001111011
1011001000110011
1010110111111000
1011001100111010
0011010010000010
0011000100010001
1010110010110010
1010110000011011
1011000101101110
1011000110000010
1010011100110110
0011001110101110
0010100011111000
0011000111100010
0011000010000010
1010110110010110
1011001001010111
1011000000111001
1010101100110011
0011000000011011
0011000000010000
0011100010000000
1011010110011110
0010111100101100
1010101110000010
0010000011000000
0011000010101110
1011000000010000
1010111110001001
0011100111011110
0011000100010100
1011001111010111
0010110000100010
1011000011000101
0010100010100010
0011010010001111
0010011010001011
1011000010011101
0010110001111001
1010101001101001
0011011000011101
1001111100101000
1011000011111011
0011001110011100
1010101011000010
0010100101011000
0010100110110001
0011010000010001
1011000011110011
1010100110000000
0010110100011001
1010111100001100
1010101101011110
1010110000111101
1011001000100000
1010101000110100
0010100000000000
1010111101100011
0011000001101111
1011000000110011
0011001011011100
0010001010100001
1011000110010000
1011000010100110
1010100101010110
1011000111110100
0010110001011001
1010111100101111
0011001010010100
0011000010101101
1011000000101011
1010110110000111
1011000101100101
1010111101011111
1001011001110001
0011010010011110
0010111000111100
0010111011100101
1001111101000000
1011000101100000
1010100100011101
1011000100000010
1010011001110000
0011000100111111
1010001000111000
0011011101101011
1011010100101111
0010101000000010
1010111100000010
1010110101101110
0001110001010001
1011001010100001
1011000011010111
0011011110001100
0010101010011111
1011000001100111
0011001100101101
1010110000001110
1011000001011000
0010111011011000
1010100110001010
1001011000000100
0010111110000000
0010100010010100
0011001101011100
0010100110101010
1010010011110001
0010100001101001
0010100111000001
0011000111010000
0011001010000000
0011010100100101
1011000111001011
1010111101001001
1011000000000010
1011000110011011
1010111011111010
1010000110011001
1011010010110110
1011000000010111
1010010001111000
1010111111010000
0010100111101011
1011010100101111
0011010000100100
0010101101110010
1011010001100000
1010000110011110
0011000111001100
1010110111111111
1010111101001011
1010011001000110
0010111110010000
0010110111101001
1010000011101101
0010001111000011
1010111100110110
1011001000111000
0010110001000001
0011000100111011
0010001110101010
1010011110100100
0011001010010111
1011000100000001
1010101111100100
1011001010000101
1011000000100001
0010111100110111
0011000010101000
0011011010010111
1011011101000000
0010110011011100
1010011101101001
1010110010100010
0011000100100111
1011001110110101
1011000010100111
0011101000011110
0010101110111110
1011010110000000
0011001001101001
0010010100111110
1011000010100110
0011010001101101
0010101110111100
1011000101100000
1010101000010010
1010101010010010
0011001010010001
1011000100111010
1010101101100100
0011000000000011
1010111111000010
1010001011000000
1011000110000111
1010111100010111
0011001110100001
1010010000011010
1010110010111101
0010111011101010
0011000100000110
1010111000000100
0011001100010110
0010001100110111
1010100011101111
0010111110101000
1010100111101111
0011000011010110
1011001111010111
1010111000110001
0011001100110000
1010110011000100
0010110001001110
0011000101001100
0010100100001010
1010011110110011
1011001001000110
1011000011101011
0010100110111100
1010110101101000
0010111101001100
0010110111111111
1010000011100001
1011010000100010
1011000100010000
0010101110001100
1011000110111101
0001010001100010
0010101001101011
0011000111100101
1010101100111100
1011000111111011
1011000010111100
1011011001010100
0011011010010011
1010110110001111
0010111000001111
0010110100000100
1010101111101001
0011000110011001
0011010101010011
1011100101010001
1010011100011000
0011010010010000
1010111001000110
0010010101101100
0010100110000001
1010110011010101
1010110001101011
0010111011110101
1010100010000110
0010110011001000
1010110011010010
0011000000011100
0011000001101110
1011001000111100
0011000110110111
0010111110111010
0011000011101101
0011000110101100
1011000011100101
1011000101101101
0010101010100001
1010001011011100
1010110011101010
0010111000100100
1011000110011000
1010110011110010
0011000111101101
1011001100010110
0010101111101000
1011010010111111
0011001001000111
0010100100101100
1011011100000011
1010010010110101
0011000101001011
1010111001100000
0010100111110100
1011010001001000
0011011001101010
0011000101001100
1010010101011000
1011000011110011
1011001000111011
1011000111110000
1010100110110110
0011001111001101
0011001010011100
0010011110011101
0010110100101100
0010011000010010
1011000100100001
1011000010000101
1011000110110101
0011000110111011
0010110101100011
0011100010001001
1011011010111000
1010010101101011
1011001010011101
1011000111100100
0010110000000101
1010110011000011
1011001001110111
0011101000001011
0001101101011101
1011010011111111
0011010001010001
1010111110000110
0010100101000110
0011010010001010
0010100010011101
1011000000110100
0011000011010101
1011000100000011
0011010010011111
1010101000101101
1011000111110001
0010010111101011
0010110000010101
0011001010110111
0011000000001110
0011010011100011
1010100001000011
1011001011000011
1010111010011010
1011000010110001
0010100101101101
0010110010011001
1011000101110010
1001101101010010
0010110110000111
1011010001111101
1010011011100011
1011001111001100
0011001100100101
0011001001001111
1011011110101011
0001111101010100
0010101100011111
1011000101110101
1010111011010110
1011001000111010
0011010100001000
0011001000101011
1010110110111010
1010100000100001
1011000000010001
1011000111011000
0010111010101000
0011010100010110
0011001010100111
0011000110001110
0011001101001001
1010011011001110
1011000011010110
1011010001001011
1011000101001110
0011010101011010
1010100110110000
0011011110010111
1011010010010011
0010110110001110
1011000011101011
1010110110001000
0010010100010111
1011000100111010
1011010101110010
0011101000000011
0010100111101110
1011010101001001
0011001011111001
1010100101111111
1010100110010101
0010111011001011
1011000011110110
1010100011111000
0010001101000010
1010011101000111
0011010101011010
1010111001111000
1011000011001011
0011001011101000
0010001011100101
0010100110010011
0010111101001011
0011000110011101
1010111000011011
0010110101111010
1010111000001001
1010111100100001
0010101100111000
1001110111001000
1011000100110100
1010110110010110
0010111001111001
1011010000101001
0010110010111100
1011000000101011
0011001110101000
1010101101011011
1011000110110011
1010111000111111
0010111111100011
1011000111000000
1010101011110011
1010010100000011
0011001000010100
0010100101110010
1010111000001010
1010111001000010
1010100101101110
1010110110010110
1010011111111100
0011010001111101
0010110011110001
0010110011110111
0011000000110101
0010100001101000
1011001101001100
1010010111000101
1010101111010000
0011000000000110
0011000010100111
0011011101011010
1011010011100110
0010101010001110
1011000110011011
0010011010101111
1010110101001001
1011000001111100
1011000100011000
0011100001010100
0010110011011010
1011010100111000
0010011010111110
1010101110111010
0010010010010001
0011000110101110
1010110010101000
0010100101110111
0010100111100110
0010110110000010
0010110010011110
0010110010001000
1010000011111010
0011000110011001
1010110011110010
0011000110011101
0011000000001101
0010011010100001
1011001101010010
1010010001011000
1010000100100001
1010100001000011
1010111000110011
0011000010110110
1011000001111111
1010101101110101
0010111110100101
1010111001010011
1010011111111000
1011001001101000
0011001101110010
0011000010000001
1011010101101100
1010100110010111
0010111000100010
1010100000111101
0010101110011000
0010110010100111
0011001110010111
1010001111000000
0010011011110101
0010100010101110
1001010110001010
1010110011100110
1010101010001101
0011001111000101
0010111111110010
0010101100010010
0011001101000110
0001101101110010
1011000110101001
1010110100011110
0010101000111100
0011000111110111
1010110010001110
0011011011110010
1011010000110110
0011000011001001
1011000011011101
1010111000110000
0010111011110111
1011001001100100
1011000010011101
0011011101001000
1010100100110100
1010110110000000
0010111110110110
0010100101011010
1010111010100111
0011000011010011
1010110000001110
0010110010111101
1001111011001000
1011000010101000
0010110011011000
0010000111110101
1011000000101100
1010010111010001
0001001111010010
0010111100001110
0011010001010001
0011000001011001
1011001110000111
0010001100110001
1010111010101101
0010011010100110
1011000001100010
0010100000010011
1010110110101110
1011000000101001
0011000011101101
1010111101101101
0010110001101101
1011000000101100
0011001010100010
0011000011110001
1011010000110010
1010100111010000
0011000010111010
1011000100011111
1010111010101000
1011000001110111
0011001100110111
0011000011110111
1010111011011101
1011000110110010
1011000101100111
1010110010101010
0010110100100101
0011000110000001
0001101101101010
0010101011101001
0011000101001011
1010111101100000
1011010000101010
1011000110101111
1010100000010101
0011010011010001
1010000101100101
0011100000010011
1011011011111000
0011000001000101
0010010101110011
0001111000100110
0010100011110001
1011000100101111
1011011000000010
0011100011111111
0011000100010010
1011001011000011
0010110011101111
1010010110110100
1010111111010111
0010110011011011
1010111010011010
1010100110010000
0010110100101010
1010111011010001
0011000111010011
1010100011101111
0010010110000101
0011001000101110
1011000110101001
1011001010110001
1011000101101001
1011010100011100
0011000110110010
1010001101000010
0010110000101011
0010111010111010
1010011011100000
1010111110010000
0011010011101010
0011001001110100
1011001000001100
0011000011101001
0010010001011010
0011001000110010
1011010011011101
1010111000111100
0011010011000001
0010101100110110
1010110000011100
0011001010100110
0010011111000010
0011000100000001
1011010001010100
1011000001100111
0011000010000001
0001111011001010
0010100101000111
0010110010010010
1010111001001011
1011001000111010
1010000101111100
1010111001110100
1010011001101100
1001111011111000
0011001011011010
0011001110110110
0010000000001000
1011000001110001
0010100011011001
1011100010010001
0011011001100000
1010010000001001
0011001000010101
0010111101110100
1010101011110110
0011001100001111
0011010110100100
1011100100110110
1010100000101010
0011011001010111
1011001101011001
0011000100111001
0010100111000101
1011000011011001
0010101001001101
1010010111000111
1010111101001011
1010010100101101
1011001011110011
0011000001111110
0011001100010011
1011001100000110
1011000100011100
1011000111110110
1011001110111110
1010111110100010
0011001110001010
1010110100011011
0011000011111000
1010101010001011
0010111100100000
0010100110110000
0010111011000110
0010110101110100
1011000011110011
0011001001100001
1010100111001111
0011010101011010
1010110110010010
1010101000000101
0011010000001001
1010100000101100
1011000010101001
0010111011110010
1010101001010000
0011000001011011
1011010001011111
1011000110110111
1001111100011101
0010111110011001
0010101001100101
1010100011001111
0010010100111000
1011001001000100
1011001010111010
1010100111100100
1010111111011001
0010101110111101
0011001000010101
0001111011101100
0010101111000111
1011001100111110
1011000010111000
1011100000110000
0011010010101100
0010101111000011
0011000010100110
0010110110001001
1011000001110000
0011001111001110
0011001001010001
1011100011101011
1011001000111011
0011001100011101
1010110000111111
1010100011100011
0010111101111000
1011000110001100
0001001101010000
1010000110001000
1011000001100100
0010111011001001
1011001100101111
0011000111011000
0010011101000000
1011000100101010
1010110110001010
0011000101100110
0011001011000101
0011001010001010
1011010001010001
0001110011100110
1010100111011010
1011000110000000
1010011101111001
0010111011001110
1011010000100010
0001111000101001
0010111101100101
1010111001001011
1001110110011100
1011010001011000
0010111100110111
0010111010001110
1011010010001000
1010100111011011
0010110111010111
1011000111010110
1010010110100100
0010100010101000
0011001011100011
0010101000101000
0010111001000010
1010111011110011
1011000000110001
1011000100010101
0010110110000011
0011010011111010
0010110101000110
0011000001001110
0010100110100000
1011000011100011
1011000101111001
1010011001111101
1010111000110000
0010110011100011
1010110110010000
0011010011011111
1011011101000000
1010000110000100
1010011010111000
1010111010010011
1010100010001010
1011001000111001
1011010010000010
0011100100111110
0011000000010110
1011010100011010
1010000000001001
1011000001110110
1010100101010000
0010111110100011
1010101100111010
1010110110011010
0010111110000101
0010100011100010
0010110110011010
0010010110100000
1010111110110001
0010101011000101
0010101001110111
1001110001101101
0011001010111010
0011010001110001
1010101111000001
0001111010111001
1010010101101101
1010000111001110
1011000001111000
0011000000100111
1011001011001101
1011001010000101
0010110001010101
1011010101001010
0011000100001101
1011010011100100
0011001000100101
0010110101000111
1011011100011101
0010100011011010
1010010111001101
1010110110010001
1010111000111011
1010101111001110
0011010000000011
0011000011110100
1011000010111000
1010101010001100
1011000011011111
1010110110111111
0011000011110110
0011000101010011
0010010101100100
0011000110111010
1001101101110101
1011000100100110
1010110000000110
1010100101100001
1010101100010101
0011010001011010
1010000101110100
0011100011000110
1011010110011000
0010010011011010
0010010100000110
1011001010010111
0011000010100001
1011001100000000
1011001011001011
0011100100011100
0011000110110100
1011010101001001
0011001100010101
1010000111100000
1010111001101101
0011001100100111
1010010010001110
1010100010001111
1010010010111100
1010101110111101
0011010001111001
1010100110100000
1011001010011000
0011000110000001
1011001110100101
1010011111011100
1011010100001011
1011010011011111
0010110110001110
0010111110101001
0010100010000110
0011001000011111
0010111101111010
1010000100110001
0011010100100010
0011001000010110
1010110011111011
0011010001011010
1011000010000111
0011100000000010
1011010000111110
1010100111110100
0011100000000100
0001111011011101
1010111101101100
0011000100000110
0010010011011011
0011001100001101
1011010100011111
1011001000110100
0010100101111010
1010010111010101
0010111010011110
0011001010010111
1010111011001001
1011010100001001
1011001110010111
1010110110110010
0010001010010010
0010110101001111
0011010111010000
0011010011000000
0011001011111001
1011011000001011
1010110100011100
1011100010111110
0011100011001100
1001111010111101
0010111110000110
0011001111100110
1010101011010100
0011010011000111
0011010100100000
1011101011010000
1011001111100000
0011010111100101
1011001001010111
1010001010011101
0010111101010000
1011011000001010
0011000010101010
0010110110111101
0010101111001101
0011000111101011
1011010111110000
0011001000111101
0011010000010111
1011010001100010
1011000100000001
1011000100100000
1011001110000011
1011001101000010
0011001001000111
0010111000001110
0011000001111101
0010111111111000
0011000110111110
1010111001010110
0011010011010111
0011001110101001
1010110000111100
0011010000000111
1010100101110101
0011010111110100
1011001110100010
1011001000011100
0011011101011111
0010111100110010
1010000011010000
0010111110000111
0011000111011110
0011011011111010
1011010101100110
1011001000111110
0011000111110110
1010100001000001
0010111001110110
0011000001100001
0010001101010111
1011011000010110
1011010000001101
1011001000100110
1010101101100001
0010111010000111
0011011111110001
0011010010100010
0011000000101100
1011010001000011
1010100100111000
1011100011101101
0011100110010001
1010011011011101
0011000001111100
0011010000101110
1010111110001001
0011000000000000
0011010011011000
1011101000011001
1010111110000011
0011010101110000
1010111001001001
0010110101110001
0010110001101011
1011010101101100
0011000010000010
0011001011101010
1011000110000010
1010100000100010
1011010111110110
0010110001011101
0011000110010011
1011000001111011
1011001100001110
1010111111010010
1010111001000110
1011010100101101
0010110100000001
0011001101001100
0011000001101011
1010001101100111
0010110011000010
1010101101100101
0011000111100011
0011010010010100
1010111011000101
0011000110000001
1010110000100110
0011011111110111
1011001000000001
1010110111001001
0011100100001000
0010100011110011
1011001011111011
0011001000001001
0010001100101100
0011010110110000
1011011011001101
1011000110100101
0010100101100101
0010111011110011
0010101110001011
0010111101001101
1010000011011010
1011011010101111
1011001010110001
1010111010000000
1011000111010001
0010011111011010
0011011001001000
0010111100111111
0010100100110000
1011010100110110
0001010011001111
1011100100110011
0011011111000001
1010111010110101
0011000011100110
0011001111000011
1010100010101100
0010111010101111
0011001010001001
1011101001001111
1010111001011100
0011011010000011
1010111111001100
0010010110011111
0010001001000110
1011010111001101
0011000001110001
0010110010101011
1010100000110100
0010100101011111
1011010101100111
0011000011010110
0011001101001111
1010100100110000
0010110010000111
0011000000010001
0011001100110100
0011000010111101
1010111101111010
1010011111100010
1010000001010010
0010101111001011
1010101000100100
0011000010000100
1011001010001111
0010111001000000
0011000100100100
1011001110100101
0010111111001101
1011000010110011
0011001000001001
0010101110110101
1011001100110111
1010010000000110
1010010111110010
1010101000101110
1010101011001111
0010110101011011
0010111101110001
0010100000001101
1010001111100010
1010101111110011
1011000100000011
1011000101000100
0010110101001011
0010111001011101
0010110110011101
1010100000011100
0011001100000000
1011000100111101
1010110010111000
1011000000100001
1010000000011010
0011010000101110
0010111100100100
0011010001111111
1011001101010101
0010100101001100
1011000010010101
0010001111110000
0010011001000000
1010111001101001
1011000100011110
0011100011001000
0010111001110010
1011010011011000
0011001001001100
1011000001100111
1011000010110010
0010100110100101
0010111001011100
1010110010011110
0010110001000001
1010111111100110
0011001101000100
1010111110111110
0010100001011000
1010100011110010
1010110100010011
1011000110110000
1011001110101010
1011010101001000
0011000110101000
0010111100011010
0010111001001100
0010001110010000
1001110100111110
1010100000111101
0011000000001101
0011001100110101
1010111010011000
0011001000111011
0010001111110100
0011011000001010
1011001110111111
1011000110110111
0011011101101101
1010011010010011
0010011001100001
0011001111000000
0011000110001101
0011001010110001
1011001010001011
1010101101111011
1010101010000000
0011000110000011
0010110010011111
0011001001110000
1010101100011101
1011011000111011
1010111110100011
1010111101110010
1011001000000010
0011000111101010
0011001110110111
0011010000110101
0010101100100100
1011010011010111
1010111000100010
1011100011001101
0011011001001001
1010110010110000
0010111001101111
0011001010001001
1011000010100010
0011001111111000
0011010110110011
1011100111100001
1010111011101110
0011010000111101
1010111110011101
0010100110100100
0011000100101101
1011001110000000
0011000101100110
1010011110001101
1010011011011001
0001111110100111
1011010000000001
0010110101000000
0010011011100001
1011000010100010
0011001000011001
0011000001110010
0011000011101100
0011000010011111
1010101000001111
1011000011101001
1010101011011100
1011001001100010
1011000100011011
1010000001001010
1011010101010111
1011001101011000
0010111000100110
1010111001101011
0011000101010001
1011010010001000
0011011001100011
0011010001011010
1011011001110000
1010101011000100
0001010111000100
1011010011011001
1011001101011010
1011000101011001
0011010010100010
0010110101000000
1011001011100111
1010101001111011
1010110100000000
1010110001000010
0010000001010110
0010101000011010
0011000011000111
0010100010100111
1010011101110101
1011010000000111
1011010010111010
1011000111001110
1010111001110101
0011011010110000
0010110100000011
0011101000100111
1011100001111011
0010101001001011
1010111001000110
1011001111110001
0010110110101010
1010010111000001
1011001101010100
0011101010100110
0011000001111101
1011010111000110
0011010010011100
1010100001010010
1010111100101000
0011010110000111
1011000100111010
1010101010011000
0000110001011010
1011000001000011
0011010011111110
1011010010001001
1011010010101111
0011010001110100
1010110110010010
1011001010101100
1011000011111010
1011010101111010
0011000110011010
0011000100111110
0010110110110001
0011000111001010
0011001010000001
0010100000101011
0011010100111111
0010111111110111
1011000000000110
0011001111100100
1011001001011001
0011010001110111
1011000110000111
1001000000001011
0011010101010011
0010110101011101
1010110100110100
0011001110110001
0010110100001001
0011001100000110
1011010000111001
1011000001101110
1010001111111011
0010111010000100
0001111011000101
1010000110101100
1011000011010001
1011001001100000
1011000101011010
1010100011110111
1010110111110010
0001111100110111
0011010101001010
0010110001001100
0010110010001111
1011010101100001
0010100010100111
1011100001101110
0011011010111111
1010011110110010
0011000100100001
1001111010111000
1011000010101011
0011001101100111
0011000110001000
1011100011011011
1010100101000111
0011001010010111
1011001111001110
0010100110100110
1010011110001001
1010111101011001
0010010110011001
0010111101001110
1010110111001010
0010011100001110
1011010011011010
0011001000000000
0011000101001111
1011001001010111
1011010011101110
1011000111001111
1010111111101110
1011010111111011
0011000111010101
0011000000011001
1010010101000111
0010111111011101
0011001000101111
1010110001110011
0011010101110101
0011001001111101
1011000111111000
0011010000101011
0001001001001000
0011011001010011
1011010110111100
1010111010110010
0011100001111010
0010110010101110
1011001010011111
0011001011011110
0011000111111011
0011000110001000
1011011100000000
1010101101100110
0010110010111011
1010001110111101
0011000111011110
0011001110111010
1010111011001011
1011011001100011
1011001000000001
1011000101001111
1010110011010100
0010110110101001
0011001101001111
0011010010111010
0011000011100001
1011001101001100
1010110111001111
1011100111000010
0011011110000000
1010111101000000
0010110110101011
0010110001110101
1010101000101101
0010111101101010
0011000111001001
1011101100010111
1011000000011100
0011011111001110
1011010011001111
1001110011110011
0010111001000011
1011011011000111
0010110111110101
1010010011100011
1011000011111101
0010110010100011
1011011111001110
0010101110101011
0010111000111011
1011001111010010
0010110000011010
0010111000111010
0011001110011111
0011000000011101
1010111011010110
0010010010101000
1011000010111101
1010111001110101
1011000100001010
1010010110111101
1011000010000010
1010011111100100
0011001010100111
1011000010100011
0010010110101001
1011010001101100
0010110011111111
0010101000101011
1011010100101000
1011000011100111
0001100010100000
1010111001010011
1011000100010010
1010101101000010
0010111100110010
0010110100001111
1010100100101000
0010110001010110
1001110000111110
0010100010001000
0010110100011101
0011010000101001
0011001010010010
0011000001011010
0010100111001101
1010100010100101
1010110110110000
1011001110010011
1001101000010110
0011001011000001
1001110101110100
0011010111110101
1011010100001000
0011000010101101
0001101011010101
1010000010011110
0010101100100000
1011001100111110
1011010100101000
0011100001000001
0010110010001110
1011000011011011
0011001100010011
0010100110010111
0010110001111011
0011000000110000
1010101100000001
0010010111011001
0011000000101011
1010110101000011
0011001011110010
1010110001111100
1010110111010101
0011000111000010
0011010000101011
0011000010110010
0011010001001001
0011001100101101
1011000010111000
1011000010110000
1011000011011001
1010111100101100
1010111010110000
0010110100010110
1011010011010101
1011001100100000
0010111101111000
1011011001010100
0011000000011110
1011010111100101
0011010010110001
0010110011110011
1011100001010101
1010000000100101
0010011101111100
1011010011001101
1010110110110001
1011010110110101
0011011010001010
0010110100111101
1011001001100100
1011000111110010
1011001001011001
1011001011101110
1010000100110010
0011001110001110
0010110100000100
0010110111111001
1000110000100100
1010101010110010
1011011001001011
1011010001011100
1011000011000001
0011001111010110
0010010000010110
0011100011110100
1011100100111011
0010110110011110
1010110110110010
1011000111100110
0011001011111010
1011001011101000
1011010010001110
0011101000100001
0011010001110000
1011010101010100
0011000011100001
1011000101010111
0010000011111001
0011011001010100
1011000001000101
1011000000110110
0011000001001000
1010110011001010
0011010101001001
1010111011101011
1011010000101100
0011001000011001
0010111101111000
0011000110100001
0011001011110111
0011010001111001
1011000000100000
1010101011101011
1010110110000110
1010110000110101
1011000010101011
0010010110000100
1011000000101011
1011000111110110
0011001010111110
1011010011100110
0010000100010010
1011001101101101
0011001100011010
0010011111111010
1011001110101001
1010101010000101
0010000110010010
0010010011110011
0010101010001111
1011000001001100
0011000001010111
1010011101111011
1001110000101000
0001010000010110
0010100000000100
1011000101100101
0010010001010011
0011000110001100
0010110111111001
1010101000001010
0011000111111101
1011000110111000
1011000001010010
1011000011111011
1011000110010011
0011000111110110
0010110010010011
0011100001111100
1011011001111010
0010110110111001
1010101010011010
0010011110101000
1010010011110001
1011001001011000
1011000101110000
0011100100110000
0010101001100011
1010111111111111
0010011101110110
1010101111001000
1010111001110001
0011001000010101
1011000010110001
1010100110000110
0010110110000000
1011000100000101
0011001001001101
1010101010100111
0001111011000111
0010111001011000
1010001000111111
0011001001011101
0011000101010100
0011001101110110
1011000011000001
1010011101110110
1010110001010010
1011000110101010
1010110101010010
0010111100011111
1011010101100100
1010111010111100
0011001001011111
1011001011000101
0010110011101011
1011001101101101
0011000000101100
0010110101000101
1011010010000110
1010001110010000
0011000011011110
1010101101010111
1001111111000011
1011000100111100
0011000011001101
0011001000000010
1010111010110110
1011000010111001
1010101000111111
1010110110000000
0011000100101001
0011010110111110
0010111011110000
0011000110111100
0011000111111101
0010001100111010
1011000010111001
1010110111100011
1011000101101111
0011010000010101
0010101111011100
0011100000101111
1011010101010001
1010110010000010
1011001010001010
1011000001110011
0010110110101000
1011001110010101
1011010111010100
0011100101010101
0011001001010101
1011001001011100
0011001001010001
1010010111001101
1010111110101101
0011010010100010
1010111010100011
1011000010010101
0010110111011011
1011000110111110
0011010111001011
1011001010010101
1011001100010000
0010101011010100
0010110100011101
1010011000111110
1010111010111010
1011010100000000
0010110100100111
0010111100011110
0001101111011001
1010100001001100
0010111111110100
1011000011100011
0011010001100111
1010101011110101
1011000011101101
0010111011011110
1011000000011000
0010111011110100
1011001110111100
0010110000001100
0011001100011110
0010111110001100
1010100000000101
0011001000000010
0010101111001011
1010010100001010
1011001101011011
0010100101010011
0010111100101111
1010100000001111
0010111000110011
0010111001010101
1010010001010000
1011010010001001
0001110100010111
1010011011101001
1001011010010111
0010101100011100
0011001111010100
0011000001110101
0010111101100101
1011010011001111
0010001001101100
1011100000111110
0011010010011110
1010000000001100
0011001000011000
1010010101111110
1011000100100011
0010101011111101
0011010011111000
1011100001110011
0001111001101100
0011010100001110
1010111000110101
0011000101001000
0010111011011110
1010110000110001
0011000001010100
0001100111111010
1010001001101110
0011000010101111
1010111101110001
0011000011100111
0010011110010101
1011000011000011
0011000000100101
1010100101000110
0011001001101101
0011010000100001
1010111110100010
1011000010100001
0010011111101001
0010011101001010
1010111101001010
0011000000001001
1010110000000101
0010100010011011
0010111101100011
1011010010000001
1010011000110110
1010101100111000
0011010001111010
1010010111011000
1011010111000010
0010101010110000
1001100011101010
0001011100101101
0000100111110110
1010100101101110
0011010001010000
0010000010100011
0010110111110010
1010111110100100
0010110000110011
1010110101110001
1010101110101010
0010111000011001
0011000010110010
0011000010100001
0010100011010001
1010110100111000
1010110010010101
1011001001100001
1001111010001010
0011001101000000
0010111001001110
0011010100011101
1011011010111001
0010111100011110
0001101001010100
1010110010010101
0010110011101101
1011001110111001
1011001001101001
0011100100001011
0010010000110101
1011000010101001
0011000110010101
1010110001010001
1010101101101111
0010101101100111
1010000010000110
1010111000100001
0001111001100110
1010111111101000
0011001110001000
1010111100001010
1011000010010100
0011001001011001
1010001110010010
1010100101010101
1010111110100010
1011010011000101
0010111111011001
0010101100110111
0010010110100100
0010111001110011
0010111000001110
1010100000011001
0011010101101000
0011000000010001
1010010101101011
0011001110000100
1010010110100111
0011011010110111
1011010101000011
1011001010110010
0011100001100010
0010101111001110
1010110010011001
0010110100110011
0011000110011010
0011001101111101
1011001100100101
1010110010010001
0010010100001111
1001100011001100
0010111101100001
0011000011100100
0010110000101110
1011010111001000
1010000101011101
1011000111111101
1011000010000011
0010100011110110
0011010101110010
0010101100010101
0011000010010101
1011001011111111
1010100101101110
1011011111010010
0011010110001100
1010101011010111
0010100111011000
0010111010110101
1010111110110011
0011001011010101
0011010110011111
1011100110110011
1011000010101100
0011010011111001
1011001001011011
0011000011010101
0011000011010000
1010111001011000
0011001000000001
0011000001110100
0010110000110001
0010010000010100
1011001110010001
0011000010101011
0011000000111111
1011001110100110
0010111111110000
0010111001100110
0011001001101001
0010110101101101
1011010001001001
1010110111011010
1010110111111110
1011000110110110
1011000000010001
1010100110101011
1011010000000011
1010110101011011
0011000101001101
1011000000111000
0010110110101111
1011010010001100
0011001011110011
0010111100110011
1011010111100110
1010110111000000
0010110011010000
1010110110110000
1011000001111001
1011000101010110
0011000010111010
0011001000001001
1010101001111011
1010000011110000
1010110001000001
0010011111100101
0011000011010100
0011010000000011
0011000110010010
0010111111110100
0010010110110111
1010110000010010
1011001100101100
1011001010010111
1010111101101111
0011001100011010
1001010100101011
0011100010001100
1011011100110001
0010010101101001
1010110101001001
1010111100111001
1001101010000001
1011000100011101
1011010011110010
0011100101100110
0010000000100111
1011000111011111
0010111111010001
1011000101100010
1011000010101101
0011000010101001
1001100001101101
1011000010111100
0010100000010100
0010110001011010
0011010010001000
1010110001010011
1010110111000001
0011001000011110
0011000000100101
0011000010111101
0010110000101111
0011000101001000
1011000001001010
1010001110011001
1010111110101010
1011000011100000
1010000100001111
0010111111011100
1010111010100111
0010101100010100
0010111001110111
1011010001100111
0010111001000011
1011010000110110
0010110110010111
0010011111011011
1011010001001100
0010010111001100
0011000011001101
1011000101001100
1010001000000111
1011000001101000
0011001101000101
1010010100011110
1010110001001001
1011000100000001
1010100010110100
1000001100101100
1010100110111100
0011001001000000
0011000000101001
0011000001100110
0010010001100100
1011000000101010
1011010000001011
1011000010011001
1010100011010111
0011010011111101
0010101100001001
0011011101001001
1011011010010011
0010101000000101
1010110010110001
1010101101010111
0010110111010000
1011001101001011
1011010101011011
0011100101011000
1010011111101010
1011001100010011
0011000001001001
1010111011010001
1010001011011011
0011001111101100
1011000100001101
1011000001110001
0010110011110011
0010100001100110
0011000010011000
1010100101101110
1010111010101100
0010100001101001
0010100000011111
0010000001100011
0011000100100010
0011010010100000
1010111101111101
0010110100000000
1010111111101001
0010001001011001
1010010101001111
1010011001111101
1010111100011101
1011000001001000
0010111110111110
1011010001111110
1010011100010010
1010111010010000
0011001101000001
0011000011101000
1011001000000011
1010110110000110
0011000001110011
1010111010101110
0010110011100000
0010100111100011
0011000110011111
0010100001001001
1010111111110101
0010011101111011
0010000110110001
0010100111110010
0010011000010111
0011001101001101
1010011001100100
1010101100001110
0010101011110010
1010011011001101
1011001101101011
0001110101111100
1011000000000000
0011000010011000
0010101001101101
0011011100101110
1011010011101111
0010101001001011
1010111111110111
1010001000011101
0010010100100111
1010101010000100
1011010010101001
0011100001101110
0011001001111111
1011000111001000
0011000010110111
1011000100001100
1011000010010101
0010111010101111
0010100101011100
0010101011101110
1010110111001011
1010110001011001
0011000111101010
0010101011000100
1010100111101001
0010101001010010
0010110110011011
0011000011101100
0010111110100010
0011010010001101
1011001000010110
1010111001100101
0010110001001111
1010110011110100
1011000001100110
0010110100110110
1011010100000101
1010110100000011
0010011110001110
1011001010110001
0010110001011101
1011001100011111
0011000011101001
1001110100001100
1011011101001000
1011000110010000
0011000001011001
1010101010100010
1010101011010100
1011000001010111
0011000011111111
0010110011010011
1010101010111011
1011000110101111
1011000111111000
1010110100010111
0011000001100111
0011010001000110
0010111000011010
1010101101000000
0010111000101001
1010100001000011
1011001101111001
1011000001001100
1011001001110100
0011000111001101
0011000101110100
0011100001110111
1011011001101010
0010100110111010
1011001011111011
1011000000100001
0010001110001100
1010110000101100
1011010100000100
0011100010111111
0010101000110110
1011010000100110
0011001111010110
0010100110001111
1010100000101000
0010110100100000
1010101000100110
0010110010110111
1010011111111111
1011000001000001
0011010001100110
0010010011100111
1001110101110000
0010110000010001
0010111101110101
1010101000010111
0011001111000101
0011010001111100
1011010001000001
1011000010001001
1010011010101110
1010001011100110
1010110001011100
0010110011100011
1011001101110100
0010101001100001
1010010001010011
1011000000101101
0011000100101010
1011010011011110
0011001100011110
0010100110011010
1011011000001010
1010110111101011
1010010001001011
1010010010001100
1010111011000001
0010100000000111
0011000101001011
0011000001010000
0010100101000111
0010010000111100
1011000101011000
0010100101000011
0010101110111001
0011010011100001
0010101111110110
1010010011100010
0011000000101100
0010000111011111
1011001010001110
1010110010111011
1010111000101001
0011010010111000
0010111001011000
0011011000001100
1011011010110100
1001011000111111
1011000010100111
1010111110101110
0011000010110001
1011001111001100
1011010110001101
0011100010110010
0011000011111010
1011001111000101
0011000100001010
1010111111000111
1011000000101011
0011000010110101
0010010110101100
1010110110000100
1010010101101010
1010110011111001
0010110001000001
1010001010111111
0010100111111000
1010010111011111
1010010000111010
1010110111111000
1011001100100011
1010111111101000
0011010000100101
0010101011101011
0011000011111010
0010111010100000
0010001111000001
1010110010010010
0011001001111011
0001010111000000
0010010001111010
0011001011111101
1010101100011111
0010111111100101
1010111100010100
1010110000110011
0011011101001011
0010101001101001
1010110100001011
0011000111000000
0010111010011110
0010111111100111
1011001011000001
1010000100101010
0010101001001000
0001100000010101
1001111010111101
0010111101010100
1011000011000101
1011010011101101
1011000111110011
1001111010001011
1011000000110011
0011000111100100
0011000100101100
0011000001011110
0011001001100011
1010111100100000
1010110111111100
1011100010000010
0011011100101100
0010001000000000
0010010011101001
0010111011110111
1010110101000011
0011000000111011
0011010000001101
1011100000110001
1010110011100110
0011001000001000
1010110010101011
0010011011100001
0010110000110010
1011010000010100
0011000110001010
1010010100100010
1010111000011100
0010100011111110
1011000110010011
1001100001011111
0010100101011111
1010100110111000
0011000100011111
1010011001110111
0011000011011101
0011001011000010
1011001001001010
0010110000000101
1011000000001010
1011000000101000
1010100010010110
1010100100001111
1011000001101001
1010111100111100
0001001011101101
1011010001011111
1010000111111100
1011000010001110
0011010001001000
1010001111111011
1011001110010110
0010110011110010
0010110110011110
1011000000001001
0010011101000011
1011000011001101
0010110111110101
0010100100011100
1011000010000010
0010010010011001
1010111111111110
0010011010011100
1010110101110111
0011001010011111
0011001001011011
0011000101000100
0011000011110010
1010111000101001
1010110011001000
1011000010011110
1011000010110010
0011000101110100
0010110101111010
0011011011000010
1011010010110111
0010110100010000
1010010110111111
1011000011001001
0010100100100011
1011001101100110
1011010101110101
0011100010111000
0010100000001101
1011000101010010
0011001000110110
1011000100101101
1011000011100000
0011001000110001
1010111101101111
1011000011101010
1010110100000100
0010110010000000
0011010001111001
1010101011011000
0010100100000001
0011001001110001
0001001011111001
0010011011101011
0010111000100010
0011010100001001
1011010001000110
1010100011111010
1010100111111100
1001110001011011
1010111011010111
0010011111011100
1011000100001000
1010111001010111
0010101001000001
1011010101001111
0011000010111101
1011010000101101
0011001111001100
0010110111101011
1011100000010111
0010000000101010
1010100001111001
1011000000000100
1001111100110011
1011010001011011
0011011000011101
0010101011010111
1010101000111010
1010111010010101
1010111111101011
0010001011100001
0010111101010101
0011010010000110
0010100010110110
1001100011001111
0011001001110110
1010100010100101
1011010011100000
1010101010001111
1011001011001011
0011001111110111
0010100110101010
0011100100101100
1011011111110001
0010110000011010
1011001011010010
1011001000111001
0010110110111000
1011000110010110
1011001110111101
0011100101001111
0011000111101101
1011010011110000
0010111100010111
1010000111110000
1010101010101011
0011000101001110
1010110010101101
1010110111001001
0011000011001110
1010110001001000
0011011100101110
1011000101100000
1011000011110100
0011001001101010
1010000000001110
1011000010010001
1011001001110111
1011000011010000
0010110110011111
0010011101101101
1010010000111110
0010111001111100
0010101010111010
1010111010001010
0011001100101111
0011001001001010
1010011100100100
0011000101101000
1010111011010001
0010111100001011
1011010001110001
1010011101111000
0011001011001110
1010101011100011
1011000001001100
0011001001001110
0010111011101100
0011000011101101
1011010000001011
1011001000001001
1010001001110010
0010111001111001
0001101100100011
0011000011010011
1001101000010000
1011000000100101
1010101111010001
0010101101010101
1011001100010010
0011000111010000
0011001101001001
0011000011011000
0010100010101111
1011000001101000
0010100001011001
1011100001011111
0011010101111111
1010110100001110
0010110100001111
0010110001110101
1010110100100001
0010110011100001
0011010011000011
1011100110100100
1010011110000010
0011010011111101
1010100110100110
1010100001111101
0010100101001000
1010111010100010
0010010000011111
0010101011101011
1010110101011110
0010101000010111
1011010001010001
0010110000100000
0010000010111101
0010000010011101
0010110001111011
0010010010111111
1010110010101010
1011010010110000
0011001110110011
0010011111011011
0010110000101000
0010010011101011
0010100000100111
1011000001101101
0010110110100011
0010111101000011
1011000010000011
0011000110100110
0001110111110111
0011010000010000
1010110110010010
1010110110010001
0011001000101010
0011000001001000
0010101101110101
0010011111110100
0010110111011111
1010101000110110
1011010001000100
1010111100111111
0010100101010100
0011000000110111
0011000100011101
0010101111101110
1010111100111111
1011010000101100
1001010001010010
1010011100010101
1011001011000100
0010111010001010
0011000101010011
0011000000111100
0011000100011001
1010110111000110
1010111000010000
1011011110011001
0011011000001100
1011000000001100
0011000111101011
0010110001011010
0010100001000101
0010100111010001
0011000110010101
1011011100111000
1011001001110011
0011000011001000
1010100111110110
0011000011110111
1010110010001010
1010101101000000
0010110011111011
1001111011110011
0010100111000001
0010111000000000
1011010010111001
0011000100010001
0011000110011101
0010010110100010
1011000011010010
1010100001001001
1010101011101000
1011001000011110
0011001011111110
0010011100000000
1010101010111100
0010011101001001
0010111001110001
1010111011111010
0011010000010011
0010110100100111
1010111101110001
0011000000100000
1010111100101101
0011011001110100
1011001100101101
1010110111011111
0011010111101110
0010100100011101
0010001100101110
0011001000011111
1001111111100010
0010110001010101
1011011001000101
1011001000100001
0011000001100000
1010101010111001
0011000110001010
0011000111000111
1011000001000010
1011010011001100
0010001000101110
1010110101110010
1010110010110110
0011000000000011
0011001101101011
0010111101001011
0001101110100100
1011001001101110
0010100001001011
1011100011011000
0011100001011111
1010010001100111
0010111001010001
0011000111001100
1001100100110011
0010101101011011
0011010001100010
1011100100011111
1010110001101111
0011010110000100
1011000101111010
1010011001010010
0010001100000001
1011010000111111
0011000000100000
0010111101011100
1010011000010101
0010110011010011
1011010000110100
0010111111000011
0011001000000001
1011000011100100
1010000111000100
0011000000100111
0010110100101010
0011010011110000
1011000010110000
0010110101111111
1010101100010001
1010100011100011
1010100111001001
0010001110011000
1011010001111110
1010111010101101
1010100101100101
1011001010100010
1010101100000010
1011000010110010
0010100011010010
0010101000100100
1011010110000010
1010110000101001
1010010100000111
1011000111001100
0010100101001001
1010111111011011
0011001100000110
0011000111011010
1010010001011111
1010111111101010
1010111001000110
1011000010110110
0010011010110011
0011000110000000
0010110101011101
0010110011111010
0010100100101011
1010111100011001
1010101110011001
1001101101000010
1011000010100001
0011000101100100
0011000000011111
0011100000101011
1011011001101110
0001100010000110
1011000101111101
1011000100110001
0010111111101000
1011001011100011
1011010000010101
0011100000110010
1010100010010010
1011001100010100
0010111100111001
1011000001011111
0010101110110110
0010111100101001
1010000100110000
0010011111111110
1010110100111001
0010001010000111
0011000000011000
1001100000001011
1011000001100110
0010111110011001
0010101111000001
1010110001000111
1010110110111001
1010111110000100
0010110111001001
1010011000110011
1010100111100111
0010100011010111
0010111010100011
1010110111110100
0010111111110100
0010110001000011
1011001000110010
0011000111011001
1010111001110111
0011001010110011
1011001001001000
1010110110101110
0011010001011011
0010010100000110
1011000001010100
0010110001011000
1010100110011110
0010100101011101
1011001001010100
1011000011110111
1010110110101110
0010110000001011
0010110000010110
1010011001011110
1010101110111111
1011000011110000
0010011000010110
1010110101011011
1010110101100101
0011001001100010
0011000001011111
0010110111110011
0010101101000100
1011000001111011
1010110101001110
1011011100100010
0011011001011000
0010011011001011
0010110010100000
0011000100011110
1010111110011110
0010110100001101
0011000100010101
1011100110000111
1010011000001111
0011000101011001
1011001000001111
1010100101110001
0010011110000001
1011001101101100
0010111011101101
0010101011100011
1010101000001111
1010101001001111
1011010100001111
0010101000100100
0010111111011110
1011000100010110
0010011111010000
1011000111000001
1010000011000100
1011010000110001
0011010000010111
0010110000001100
1010110001001000
1010101001010100
0010111101110010
1011000011111101
0011000011111011
0011000110001001
0001110101101100
0011001111110110
1010100101010001
0010110010100110
1010101101011001
1010110100110101
0011010110101101
0010110110101010
1010110111110000
0011000010100011
0010111100100100
0010111001001110
1011001001011110
1011000111000010
0010010010111100
1010101101100101
1001110110010101
0011000001011010
0010110101011110
1011000101000010
0010011001011111
1010011001011100
1011001011000000
0010111100011111
0011000000101001
0010110000111110
0011000000110101
1011001100101001
1011000010111111
1011011011010000
0011010110101011
1010110001101011
0010011011010100
1010101000011001
0010100101111001
0010101111010000
0011000110100011
1011011110011000
0010100011101111
0011001101111010
1010101001100010
1010100110000111
1010011010000011
1011001011011001
0011000001000111
1001110101010100
0010100111100101
1010001000011000
1011000000010001
0010001000110011
0010001111010011
1010011001110111
1010001100001100
1011001000101100
1010110011010011
1011010011111100
0011010010000100
0010100100110010
1010011101000011
0011001000010111
0011000000100001
1010111111010011
0011000110000010
0011000011010101
1011001000010101
0011001100010010
1011000001011000
0011000111010110
1011001000011111
1010011000110001
0011011101111100
0011000100001010
0010011110010111
0011001010010100
0011000000110101
0010110010111111
1011010101100110
1011000101101010
0010111001111001
0011000000001100
0011000000000000
0011000100001001
0010100000111000
1011001010101100
1010101011110100
1011000010011001
1010110011111111
0011000010000000
0011010011100101
0011010001001010
0011001011100000
1011010000111011
0010101110011111
1011100100101110
0011100001011110
1010010001011111
0011001000110000
0010011101100111
1010111011011000
0011010001101110
0011000111111110
1011100011011100
1010111011011001
0011001011000010
1010101100110011
1010011001110111
0010100110101001
1011000110010101
0010101111110101
0011000110011011
1010011001011100
0011000100010010
1011010001111111
0011001011001110
0010101100011000
1011000110001101
0011000011111001
0010111111011001
0010101100100010
0011001001001100
1010110101111111
1011000111000000
0010110000001110
1011000001110110
0010100000101100
0011000001010001
1011000010011001
1010101111000000
0010010001000001
1011010000111111
1010100010111000
1011010001000001
0011001100100001
1010000001100000
1011100000100101
1010111110100110
0010011011000101
1011001100100110
0010110000110101
1011000100010000
0011000010010110
0010110001001110
1010110111111011
1011000011111001
1010100001100010
1010110101110000
1010100100100000
0011011001000010
0011001100001100
0010110101110001
0011000000010010
0000111000011111
1011000101101100
1010110101101100
1011000101001011
0011000001101011
0010110101101101
0011100011001100
1011010110100010
1010011111111000
1011000111111100
1010100111101001
0010111100101010
1011000010001000
1011010100010101
0011100010110110
0010010011100010
1011010011011000
0011001110001111
1011000100110101
1010111100010000
0011001101100101
0010101001010100
1010110010101111
0010111101101111
0010010100000001
0011010110110001
1010110101000100
1010100000100111
0011000100110011
1010100110011000
1010011001111011
1011010010110100
1011010011011101
0010111010110100
0011000100011110
0010010110100000
0010111100010100
0011000101010110
1011000000000000
0011000100011011
0011010001101101
1010101001101110
0011010000110000
0001100101111010
0011010010010110
1011000110011001
1010110010110011
0011011101001110
1010011100010010
0010000101001000
0010110001010001
0001110011100101
0011001011100010
1011010111011100
1011001001100111
1010101100001110
0010100111011101
0010011000010111
0010111100110101
1010101011011100
1011010110001001
1010110010110001
1011001011000101
1011001011001000
0010000100011011
0011011000001011
0011001101001100
0010011000010101
1011001011011011
1010111100000000
1011100110000101
0011100000111010
0010100000101000
0010101111000000
0011010000001001
1011000001001000
0010110110010110
0011010100001100
1011101011101011
1011000100101001
0011010011111000
1011000110001000
0011000011001110
0011000111100101
1011010110001110
0011001110000010
1010011111100001
1010100111011101
0011000101101001
1011011010110110
0010111011101111
0011001100100100
1010111101000101
0011000101100111
0010010010101100
0011001110001110
0011001010000100
1011000101000010
1011000011100000
0001100101000000
1010111110101010
1011000001011001
0011000000100111
1011000010001010
1010111111000010
0010101001001110
1011010100010010
0010111011000111
1011000001110010
0011001100000100
0011000010101000
1011011000000010
1010011101011010
0011000010010100
1011001011000100
1010101110100001
0010100000010101
0011001100000011
0011000111010110
1011000010000110
0010101101110101
0001110110000101
1011000010110101
0010010001110100
0010111110111100
0011000111110110
0010101011001010
0010110100111110
1010110000000001
1010110110011110
1011000111110000
1011000111000010
0011010001001000
0010101001110111
0011011111001110
1011011111001001
0010110001111111
1010011000110010
1011000100101011
0010101011000010
1010101010111100
1011010001010110
0011100110011010
0011000000110100
1011000000011011
0010110111001011
0010101110001001
1011000000011010
0011001111010110
1011000000000011
1010011010110000
0010000010010010
0010100111010101
0011010100010111
1010101011110001
1010110001011010
0011000001100001
0001101001001111
0010101100110100
0010111111001011
0011001010111100
1011001101100000
1010101010111101
1010110010011001
1010111111010000
1010111000111010
1010100101011011
1011000110110000
1010110001110101
0010110111010110
1011001111010100
0010110000100100
1011011010000100
0011010101110101
0010101101110010
1011011001100010
0010100111000110
1010101010011000
1011000000110111
1010110111000100
1010110110000011
0011010111111111
0011000101010111
1011000010111101
1010110111010110
1001111111101101
1010101100010100
0010111010101010
0011000011111001
0011000110110101
0010111101010110
0010110000111110
0010100001000010
1011001010101100
1011000000000110
1010111001000110
0011010100100000
0010010000111100
0011100000001111
1011011100100100
0011000010001111
1010100111110101
1011000100111101
0011000000100010
1011001011000001
1011010110110011
0011100010100011
0010111000101110
1011001001100101
0011010000001110
0010101000001110
1010010010100101
0011000101101110
1011000001011100
1010111110100100
1010100010110011
0010101100001110
0011010000101011
1010010111001000
1010011100111010
0011000001101011
0010100011000111
1011000000001101
1011000011000101
1011010001000100
0011000101110011
0011000001010000
1010100111110110
0010110011101011
0010110010001000
1010111101101000
0011001010000011
0010100111111111
1010110011010100
0011010010101111
1010011110000111
0011010110101101
1011000110111011
1010101110001100
0011001110110001
0011000010011011
1010000010010110
0011000011000011
1010110011001101
0010101001111011
1011001011100000
0010010000010110
0010011100101110
0010100100011011
0011000110100110
1001111001011000
0010101100010100
1011010011001101
1010101111011001
1010110010110100
0001101001011000
0011001010100101
0011001111110001
0011000110001011
0010110111010111
1011010001101111
0010010001011000
1011100010001001
0011011010000100
1010111101000110
0010111000111101
0001001000000010
0010100100011001
0010111000111011
0011010101010100
1011100000110110
1011000100111000
0011010110101000
1010010000010000
0001110011001100
1010110010111010
1010110111000100
0010100001010101
0010111000010010
1010011110110010
0001000111111000
1011000110001000
0011000001111001
0011000000011110
1011001000001000
1011001101001001
1010010110001110
1011010010110011
1011010100000100
0010110000101101
0011001000100110
0010100110100011
0010100101110000
0011000010000101
0010100000100110
0011010100110011
0010011101001110
1011001001110101
0011000100101111
1010111010100000
0011010100011100
1011010000010001
1011001001010000
0011100000001110
1010011001011101
1010110001101011
0011000011001100
1001101101100110
0010110001010110
1011011000100101
1010100010110101
0011000011100010
0010110010101101
0010101100101100
0010001010001111
1011000001111011
1011001010010000
1011000001111111
0001101010001000
1010101010100010
1001111000001000
0011000001001111
0010111000100010
0010110101100011
1011010100010100
1011000010110011
1011100011101010
0011011010100011
1010110110100011
0010101010011010
1010010001001111
1010110000111010
0010100110010010
0011010101101101
1011101000101001
1011000111100010
0011010011111001
1011000110010111
0010110101000110
1010011100001011
1011001111010110
0010010000011101
0010101010100000
1011000011011101
0010100100001110
1011010111010001
0011000100010000
0011000001000101
1011000110111101
1011000001010100
1011000100010101
1010110011111110
1011010100100110
0011000110101110
0011000011000110
0010010110110111
0001100001011111
0001110001100110
1010100111110110
0011010100101010
0010110100010010
1011000100011111
0011010100011000
1010110111000011
0011000011000010
1011000001001111
1010111110110001
0011010011110001
1010100101010011
1010101100001111
0010000101101000
1010010010000011
0010110111100100
1011010011000010
0010001010011111
1010110100101101
0001011000010000
0010100111000000
0011000000101000
1001111011010100
1011010110110101
1011001001000011
1010101000110000
1011000110001000
0011000101011101
0010111110110110
0011000011011100
0010101000110100
1011010100101001
0001010100001111
1011011000110111
0011011110110011
1010110101110100
0010100101000100
0011000101111001
1010100011000101
0011010000111000
0011001000011111
1011100111000111
1011001001010010
0011001000011100
1010100000010111
1010011110110000
0010100011110010
1011010000011011
0010101111111101
0010010101010011
1010111110111110
1010000110001011
1011001101101010
0010111101101010
0011000100000010
1011001100010010
1010011101001011
1010110110111111
1011001010011000
1010111011111110
0011000100000010
0011000011000011
1010100100101010
0010101100010010
1010001100101000
1010110101110010
0011000010000001
0011000110100100
1010110111001111
0011010110000101
1010011110011001
0011000111001001
1011010000110000
1010111101000100
0011011000001000
0010000011000011
0010011001101001
1001111000000000
0010111011000011
0010101010010000
1011000111110010
0010101000100111
0010111011010100
0010010100101101
0010100101000011
0011000001011001
1010110011111101
1011001011101101
0001011101101011
1010110000111010
1011000010101011
0010100111000110
0010111001001111
0011001001101001
0010101001001001
1011010011111001
0010101101011101
1011011111101110
0011011101001010
1010110001111011
1010011000100011
0011000100011000
1010101011000001
0011001001001111
0011001101101110
1011100111100000
1011000000001000
0011010010111010
1010001011100101
0010010000100111
0011000100110011
1010110010000010
0011000000111110
0011000001111100
1010111001111101
0010111010100111
1011010001100011
0011000011011000
0010111100101001
1010100010001010
1011001111011100
1010100001001001
1011001110110010
1011001011010000
0011000111001101
0011000110010011
0011000110001000
0010111100010010
0010110001101111
1011000011110101
0011010011000100
0011000001101011
1010111100100101
0011010011110000
1011001010100100
0011011101100000
1011001010101100
1011001110111100
0011011100111111
0010111110000100
1010110001000001
0011010000000110
0010110110111110
0011001001000000
1011010111100110
1001100010011000
0010110000011001
1010100010010101
0010010011011011
0010111011011101
1010010101011111
1011010110110000
1011001111010111
1010110111001011
1011000100001001
0011001011111111
0011011010000101
0011001001111011
0010100000110100
1011010100101000
1011000101101001
1011100100000101
0011011100001111
0010000010011010
0010100100001001
0011000110111100
0010001011111111
0011000011011101
0011010010101110
1011101010010111
1010101011100010
0011010011100010
1010111001111101
0010011100000000
0010111111010111
1011011001011111
0011001110010100
1010011000101011
1011000000000110
0010111011110110
1011100000101001
0011000100011011
0011001110010010
1011000111001010
1011000100000011
1011000011010110
1011001110110010
1011001000000100
0011000000000110
0011000110100001
0011000010010011
0010111111111000
1010011110011110
1010101001011001
0010111010000011
0011001000100101
1010011101011101
0011010101001100
1011000101000101
0011011100001001
1011000100110001
1011001001011110
0011011011001010
0010111110101001
1010101011001101
0011000110101101
0011000100010000
0011001100010011
1011001100011111
1010110000111101
1010101010011111
0010100101111111
1010100001110110
0011001000100011
0010101000101110
1011010001001111
1010111101011101
0010011111111100
0001101110111011
1010010110011111
0011010100110001
0011010001111010
1010001101000111
1011001110100001
0010010111010100
1011100011101000
0011100001100101
1010111100100110
0001101011011100
0011001101010111
1011001001100111
0011000100011000
0011010110010001
1011101010000110
1010111110000001
0011010001110011
1011000001110111
0011000000101001
1010101011101101
1011010100010101
0011001000101110
0011000110011100
1010101001000010
1010101010000010
1011011001010001
0010000101100011
0011000000110001
1010101110111001
0011001111010110
0011000011011001
0011001000000101
0011010110001011
1011010001011010
1010110101110101
1011000111010100
1011000100101110
1011001010010011
0011000100111101
1011010011111010
1011001001011001
0011001110100111
1011000011011000
0011001001000011
1011010101110110
0011000111011010
0010111100010101
1011100000001010
0010101011000100
0010101001110011
1010111010000111
0001101111010111
1011010011011000
0011001110100100
0011001011100110
1011000110000011
1010110100101100
1011000010110010
1010100000000100
0010010010001101
0011011000010001
0011001100011010
0010001011100001
0001110000100110
1011000011101000
1011000010011101
1010110100001001
1011001010000001
0011010001011010
0010010100011001
0011100000010001
1011011000001100
0010110000010010
1010111000001011
1010100100100000
0011001000011101
1011001011100000
1011010101101000
0011101001101111
0010000100001110
1011010111001011
0010111100110010
1011000110000101
1010011101010001
0011000001111111
1011000000101001
0010010001001001
1010100110011011
1011000000100001
0011010100110101
1011010000101101
1010110000101100
0010110000000001
1011000111010111
1010101010100110
1011000001110111
1011000011100001
0011001111110110
0010111011110100
0010100000100011
0010110101011001
0010110000100111
1011000100011101
0011010111000111
0011010011100000
1011001000100010
0011001001010000
0010000000001001
0011010101101000
1011010111010010
1010110010101000
0011011111101001
0001111110101011
1011000011000100
0011010000011010
1010010111001010
0011010000111100
1011001010101010
1011000010111110
0011000111000101
0010101011100011
0011000011110011
0011000011100010
0001111110100101
1011010000011110
1010111110100010
1011000101111111
1011000111111100
1010000011110110
0011011001010001
0010110110110001
0010111111110001
1011011010010010
1010011011110111
1011100100011010
0011100000010110
1010100000100110
0010110101111111
0011000011011100
1011001001010111
0011001110000001
0011011001010110
1011101010100110
1011010000010001
0011010100001011
1011000010101110
0011000111101011
1001110001001110
1011010111011100
0010101001110111
0010111010000000
1010110100101011
0010011101001111
1011011101001101
0011000010111001
0010101110010010
1010110101001110
1010101101101111
1010110111110100
1011001110011111
1011000100010010
0010111110101110
0011000100110111
1010100011111001
0010110101101011
0010110011010100
0010100011111011
0010111101111101
0010111110010110
1010101000101101
0011001101011111
1011000001000000
0011010101001111
1011000110000110
1011000110101011
0011011010011111
0010100001101000
1011000111000010
1010000100011100
0011000100100101
0010110011011111
1010111101111001
1011000100010010
0010100000110110
0011000100011011
0010010010111100
0001011011100100
1010101110100101
1011000010100111
1011001010011010
1010111100100000
1010100011010000
1001100000001101
0011010011011011
0011000011000110
0010110011011000
1011000111000110
0010110000111100
1011100010101110
0011010010001010
1011000011101101
0010100111100101
0011000111011101
1010111111001100
0011000100101111
0011000100110100
1011100101111110
1010110000001010
0011010111111010
1011000011101010
0010111011000110
0010010111100010
1011001100001011
0011000101010010
0010001001101000
1011000000100110
0010100111010011
1011010111100011
0011001000100000
1001110110111011
1010111110000100
0010101010010001
0001101110100110
0011001011111111
0011001000111110
1011000111100100
1001011110111011
1011000000111111
1011000101110111
0010101000101010
1001110110001000
1011000100001001
1010100101110001
0011000100111011
1011001100010110
0010101001001111
1011010101100001
0011001111100111
0010111111011001
1011010101010110
1010110101110010
0001111101000010
1011001010111100
0010110101011111
1011000101001101
0011010100000001
0010101000000100
1010100111010101
1010100111100000
1010111000011001
1011000011010111
0010101110010011
0011001111010000
1010011011110010
0010110000001001
0010110010100111
1011000111111000
1011010010110000
1010000011000110
1011000010010111
0011000110011001
0010111010010111
0011011111001000
1011100000000001
0010111011001011
1010110000100100
1011000010000001
0010000100001100
1011000011111101
1011010110001001
0011101000010110
0011000100000011
1011001101111010
0011000101111000
1011000100110100
0010010011010110
0011010010100110
1010110101000110
1010110010111010
1010110110110100
1010111111110010
0011010101101010
0010100001010010
1011000101100000
0001100000001100
0010000111010101
0010110110011001
0011001100111101
0011001000111111
1010101110101001
1010110111000101
1010100100101011
1010010000100110
1011000000010101
0010100100101001
1010110000111100
1000011011001011
0001001000001011
1011010000111101
0010111001110110
1011001000110001
0011000100110000
0011000000101110
1011000110100000
1010110000011111
0010110001010101
1010111101101000
1011000000110001
0010101001010001
0011001110011011
0010111100110111
0010100011100110
1001110010101101
1011000101010010
1011000010110100
0010001100011101
0011000110011010
0010100110111010
0011000011101100
0010101110010011
0010100101000101
1011001100101001
1011001100000011
1010011111100000
0011000010100110
0010111011101110
0011010011110000
1011010000010101
0010010100101101
1001110111010101
1010110001010100
1010101111000001
1010111011111010
1011010010111101
0011100101101101
0010111011010001
1011010100010101
0010000000010001
1010011011000110
0010101011111001
0010111010100101
0010101010001011
1010111110111111
0010010001011000
0001001100011111
0011001001010100
1011000011010000
0010001001110001
0001011100111001
1011001110111101
1011000100110001
1010110101100101
1011000111100101
0010110001101110
0010011100001101
0010111100011001
0010110101000111
0011001001100100
1011000100100110
0011010101110100
0011001001001011
1010111001011111
0011010100110111
1010111100001110
0011011001010110
1011000011111111
1011000010000100
0011100000010000
0010011100010000
1010110111010101
0011001010100101
0011000101011010
0011001010011101
1011011010000000
1010011011110001
1010110000100111
0011000111101111
0010110111111000
0011000011100001
1011000101000011
1011000111111100
1010001001001000
1001110010100001
1010101100001000
0011000110110101
0011000011110100
0011001001101011
0010110001110101
1011000100000010
0010101000001111
1011100011000111
0011100011001011
0010001001100111
0011000011110000
1001101000011011
1011000011101101
0011001011110001
0011001100111100
1011100111000101
1011001110001101
0011011101010011
1011000100010000
0010110001100010
0010100001101000
1011001100001000
0011001000110110
0011000110000010
1010111110101011
0010100000011110
1011010100100001
0011001111010100
0010100001001101
1010110100111101
1010111010110010
1010100001010101
1010010100001110
1011001001101111
0011001011000000
0010111101110100
0010111001100111
0011000000100000
0010111110010011
0010101010000000
0010110000000010
0001100010101000
1011000111100111
0011010000101011
0010100010100001
0010110011100011
1011000010111011
1010110111000000
0011010101101011
0010110010010101
1010000011110011
0011000011001110
1010001011111100
0010110001100000
1011010001010111
1011000100100011
0011000001000110
0010110100110001
0011000011000001
0010010011001001
1011000011111010
1011010001001100
0010001111011011
0010100001101001
1011001101100100
0010111011101000
0010101111100001
0010111010111111
0010000100111010
1010111000010101
0010100111101100
1011010101110111
0011011001110100
1010111011111111
0001110001100111
0010110000101001
0010110010100101
0011010000010011
0011010101110101
1011100001100011
0001111101000111
0011010100101010
1011000100001110
0010100100001010
1010010101111001
1010110010111110
1000111111010110
1010100001010011
0010110100011111
1010110001101111
1010111001101100
1001000000100000
0010101011000011
1010110011001001
