1010100011111101
0011000001000011
0010100010000100
0001100111100010
0010100111001000
0010101000101000
0010000100110011
1011000000001110
0010010011011111
1010010111101010
0010101100111100
1011000001001001
1010101010101010
1001110100000110
0010101110000000
0011000011001010
0011001001110010
1010001100100000
1011000110101000
1010111001001000
1011000000101101
0001110000100110
0010100010000001
1010111111001101
1011000000101101
1010101010001101
1010110100111011
0011000000100000
1011000100011011
0010111010000110
1010110010001000
0011000100001100
0010101111110101
0011000100001111
1001110100010110
0011001101010110
0011000100001001
0010001111001111
0010011011010111
1010011010010110
1010100000101011
0011000110001001
1010011111110001
0010111011000010
1010101101111100
0011000111001001
1010010011011100
0010101011001000
0010111101010011
0011000001000011
0010110110110001
1010011111000101
0010011100111110
0010110000101101
0011000001111100
1010001101011010
1010110011100010
1011000111110110
1010111010010010
0010100001011110
0010111100001100
0011000000010011
0010011011111010
1010110111001101
0010010000011111
0010110000100111
1010100011001100
0001111111100011
0010011110010111
0010100110000010
1010011101010110
0010001000111011
1010010100001100
0010011101000010
0001101100011101
0010110001001110
0010111001101100
1010110100101110
1011000011011100
0011000011010000
0010111110111111
0010111011001011
1010110001100111
0010101001101100
1010111100101011
1010111001000000
0010010100100100
1011000010001100
1010100000001110
0010101101111011
0010100100010011
1011000000010111
0010101011000011
0011000001111000
1010111011001110
0011000100011001
1010111001110111
0010011001110100
1010001101101011
1010111000110011
0011000101110000
0010111111100110
1010111100100100
0011001010111000
0010010001100101
1010100100011011
1010011010100100
1010100000010010
1011000000001011
0010010000001010
1010111101010010
0010101010011001
1010100101010010
1010111110001110
0010010101010001
0011000011111110
1010111000001101
1010110110101001
0010101000001100
0010111101111100
0010111011110010
1010110010001101
1010110000001111
0010000011100010
1010111010010001
1011000000110001
1011000000111100
0001100001110011
0010010001100101
1011000110011010
1010111101000110
0001000000000110
1010110100111010
1010101100111011
1011000001100111
1010100010100011
1010111111100001
0010101110110001
1010110101010010
1010110001010011
0010111000000001
1010100110101101
0010111011111001
1011001100010010
1011001001110111
1010110010100010
0011001110011111
0011001100110101
0011001011111011
0010111110011010
0010111111001100
0010111101110110
0010001100011011
0011010000101100
0011000010110010
1011000110111001
1010001111101101
0010111000100001
0010101100001000
1011000000111111
1010101010110101
1010100100010101
0011000110101111
1010100001001100
0010111100100110
0001111110101011
0010110010111111
1011010110010110
1011010000010110
0010010110001001
0010110111001011
1010111100100011
0011001000100101
1010110101010100
0010110010000100
1010101101111010
0010101000101100
1011000000111101
1011000111111011
1010011100100101
0010111010010010
1010101010100001
0010110101101001
0010110101010011
0010110110000001
1001101110010110
1010110101011101
0010001110100110
1011000100010001
1010011001010100
1011000001110101
1010110101110110
1010111111010010
0010010001000001
1010100010110110
0010110010111110
0010111000111111
0011000011001000
0011000111000001
0010110111000001
0010110100100111
0010101010011101
0010100111111011
0011000001000001
0010010010011111
0010111110001111
1011001011111011
0010111011101011
1011001000000100
1010100000011101
0010101001000101
0010001110001011
0000110001110001
1010000101100101
0010100011000110
0010110101100110
1001011010010111
1001101111010110
0010000110100101
0010101110110111
0011001000011110
1010110101001101
1010010010011110
1001100111111000
0010100001101101
1010110001011110
1010101110101101
1011001011101100
0010110001011011
1010110110000011
1010110101011110
0001100100110011
0011001011101001
1010110000000100
0010110110001100
0010110011111100
0010000001010111
0010110110010000
1010101000010110
0010100011111111
1010011010100010
0010110111110110
0010110001010101
0011000000100001
0010010011100000
0011000000100010
1010000011110100
0011000111110000
0011001011111101
0011000010111100
0010110010110111
0010010001110101
1010010001011001
1001001101011111
0011000100111010
0010110110110111
0010111010101111
1010111101000111
1010110010011110
1011000110100000
1010100100000101
0010101110000101
1010110010000111
0010100100000011
1010110101010110
1010111000001010
0010101100000101
1011000001100000
0010110010100101
0011000111110100
0011000101011111
1011000110110110
0010101011001011
0011000011000100
1010101111000110
0010101000001101
0010111000011101
0010111011010010
1001111011001010
0010101101100011
1010100010000011
0010010000000001
0010111001011111
1001011110101000
0010001000011111
1010001000011101
0010110001110010
1011000010110101
1011000101111101
1010111101010001
0010110110111100
0010111011000111
1011000010110111
1010110010001111
0010010001001101
1011001101110010
1010111000110100
1010110011111000
1011000110010100
0010001111101111
1010011100001010
1010101101100010
0010011101101000
1010100101011110
1010110010100101
0010100001001110
1011000001101011
1011000110101000
0011001100110100
1010101110100011
0010110101011000
1011000111011100
1010110010011000
1010001000010100
0010010101011001
1010011001110100
1010110100100001
0010110111101000
1010111101011010
1010111101010010
0010101001101100
0010110011000001
0010100011101011
0010010011010101
0010100001110101
0001111010000101
1001111010010111
0010001011111101
1010110011001010
0010010100010010
1001001000110100
1010111110011010
1010100000101111
1011000000000110
0011001100011110
1010110011100100
1010110111010010
1010011110111000
1010101010000111
0001101100010110
0010110110000101
0010110101111110
1010111111011110
1010011010101100
1010110011100100
0011000111001010
0011000011000111
0010101111100101
1010111111001100
0001111111110001
0011001001001100
1011001010000010
1011000000010000
1011000010010001
0010010101011111
1010111000000101
1010000101110110
0010110011110011
0011000110001110
1011000110100110
0010101011001000
0010101011111110
1011000110100101
1010101000011001
1010001001010100
1010101000100001
0011000101100010
0010110000010010
1010111110110010
1011000100000000
0010011011100101
0010000011010111
0011000111010011
1010111000111000
0010111011010101
1011000011001101
1011000010011011
1010011101110000
1010110110101101
1001111000000111
1010110111110110
0011000101001111
1010101010000010
1010101100010011
1011000011100011
1011000011001101
0010010001111000
0010101000001101
0010110110101110
1001111001111100
1010110100000000
0010111100101110
0010100100011111
0011000001001100
1010111100110010
1010110100110110
0010010110111010
1010000111111100
0001110011110100
0010010010100000
1010110110011001
0010101010010110
1010100010000011
1010110000000100
0010010111000001
1010110001111001
0010110110111111
0010110110110101
1010110100111011
0011000010001011
0010101110111000
0011000001001100
0011000001011001
1010111101001010
1010110001111000
0011000101001011
0010111011100010
1001101111000011
1010100001000110
1010100100101010
1010100000011100
0010110010011001
1011000001111010
1010100011111001
0011000101111011
0010111101101111
1001100110101000
0010111110010100
0001111010010001
0010110111110111
1010100100010010
0001111110010111
1010110010101110
0010100010100010
0010101100011000
1010110001011110
0010110100001100
0010111101010110
1010011001000100
1010000001010010
1010110001011110
0010100110001110
0010001001010110
0010001011010000
1010111101111001
0010110111011101
0011000010001100
0011000010100111
1011001001110101
1001110110100001
1010111110101100
0001110110101011
1010100100000010
1010011001111011
0010111001000011
0010110111110001
1010001010011110
0010111110100100
0011001010101110
0010111000001010
1010101100000011
1010110100111110
0011000000110011
1010100000101111
1011000100100110
0011000001001100
0010111111111010
0010100000011111
0001111101111110
1010101101000001
0001011011010001
0011000110100010
1010111101100000
1010000111001111
0010111100001101
1010110011001110
0011000010011011
1011000010111110
1010100111101000
1010111110101100
1010011111000101
0010101001101011
0011000100000101
0010011010110001
1011001010100010
1010110000110001
1010101011111011
1010110111000001
1010110001001000
0010110110011000
0010101111010001
1010100000110100
1010100001001101
1011010100010110
0011000011010100
1010010000000001
1011000101010101
1011000111101001
1010111001001010
1011001111000100
0010101010000010
0010111010000010
0010101110011001
0010100100000010
1011001111001011
1010100101111010
1010110000011101
0011000010010111
1010000101000100
0011000001100110
1010100011101110
0010111010110101
0010101001011010
1010111000010011
0010111101011000
0010010011001011
1010111101101001
0010111011001111
1010110000001100
0010010010000001
1010101001100101
0011001000001100
0010110111110110
1011000100100001
0010110100001100
0010110111111110
1010010111100000
1010010001000000
0010110100001111
0011000010101110
0010100011100011
1010100101010111
0010110111101001
0010010001100111
0010101011011010
1011000001010110
0010011011111001
0011000111100011
0010111011110101
1010011110110100
1011000001000100
1010101101000010
0011000000011010
0010110110011011
0001110000110111
1011000011010011
0010111111010010
0011000000010111
1010101111100100
0011000101111100
0011000010001111
1011010010001101
1010101111101101
0011000001010100
0011000000000110
0010100100001110
0011000011111100
1010111001001000
1010110001111101
0011000011001111
0010011011110010
0010110101001111
1010110001110010
1010101110011000
0011000111111110
0010100101110111
0010011111001001
1010111010110100
0010100111101011
0010110011111110
1010111100000000
1001100000010010
1011000010011000
1010101000111101
1010110111010100
1010111011001011
1010110111101100
0010111010010100
0010100110100100
0010111010101011
1010110010000110
0010110111010110
0011000010010011
1010110111001111
0010110100100011
0010110100101110
0010100000100100
0010111000011011
1010101000110010
0010110110101010
1010100111110000
0001101001011111
1010110010101011
1010111001000001
0011000000110101
1010001010011100
1010010110001000
1010110000000010
1010111001110001
1010110010100010
1010100100100010
1010101101111000
0010111000111100
1010100101000001
0011000001000111
1010011001100110
0010101100010110
1010101111000110
1010101111111100
1010011001101101
0010110011111001
1001100111101011
0011000111010011
0011001000110111
1010010111000001
1010111100010011
1010110100111010
0010100011001010
0010010110110110
0001110011110001
0010100111001100
0010110001010100
0010101001010001
1010101111010001
0010111011111111
0010111110111010
1011000110011000
0010111100100100
0010100001101101
1010100011110100
1010110100110111
1010110011011000
0010010010111001
0010110000000010
0010110010010101
1010110110011101
1011001111100100
1010110101101100
0010011111111010
0010110101101010
0010100010000000
1010011011100110
0010101000100111
0010110001101110
1010111010100001
1010010011001000
1010110111010011
0010101101100111
0010110000100111
0010111100100101
1010110001000001
1010110001011010
0010100000001000
1010101001000000
0010100111010001
0010100110010101
1011000111100111
0010111001011100
0011000000110011
0010101000101111
0010100010000110
1010110110100000
1010011000011100
0010100100010100
0011000001101001
0011000110001100
0010111011101010
1010111100101101
1010001100101010
1010011010011111
0011001011010110
0010011100100010
1010110101001010
1010110101100100
0010101111100101
1010101011001000
0010111000001111
0011000000101100
0001100000000001
1011001110011010
1001111010001010
0010110110011001
1010101110101100
1010010001110101
0010100100110000
0010101001110000
1010110100000111
0011000100101100
1010110110000110
1001110000111110
1010100110011111
0001101110111000
0010010101101111
1010111001110010
0010110111010111
0011000001000100
1010100110010000
1010010000100011
0010010111110001
0011000010111101
0010010001010100
0010110001011100
1010110000000010
1010010111011000
1010110111001111
1010110010101110
1011000101110010
1010100011010111
0010111011100100
0010101011101000
0010111001111100
0010111011000100
1011000100101110
0010110100111110
1010110111101110
1010110100101010
0010110011001101
1010100111001011
1011000101101000
0010111100100010
1010110010000101
1010101011100100
0010100100111100
1010011000111100
0010101010101110
0010111000011000
1011000001110101
1010000101001110
0010000000100111
0010100010010011
1001111010001010
0010100110000100
1010100000010011
1010101101110011
1010101000110011
1010011100000000
0010110100110001
1010000000000101
1010111000010001
0010111010000101
0010101011011101
1011000011011101
1011001000001001
1010100011010100
0010111010111110
1010100111000000
0010101101101101
0010100100111011
1010100001000011
0010111111111010
0010101000000000
1010111101100101
0011000001111010
0010100100101011
0010100001101111
1010001100101100
1011000100111010
0010101011000000
1011000010010001
0010101011101100
0010010100001100
0010110101001111
1010110011101110
1011000000111110
0010000111011010
1010110110110110
0010011011101000
0010110100001111
0011001000101110
1010011001100111
0011000011010010
0010110000010111
1011000001000101
1010011001011011
1010100011101100
1010110110111010
1010001000101001
1001111010001011
1010010111101101
1010101110110010
1010001001000101
1010110100101000
1010110000000111
0010100100011000
1010011101000001
1011001010010100
1011000010100001
0001000001101001
1011000110011001
0010110110011110
1010110001000010
0000100001000001
0010111011111111
1010100001101100
1011000010010110
0010101000000000
1010100111101100
0001011000100101
1010111000101111
1010010010100101
1010110110010000
1010011101101000
0010110001110110
1010000000100001
0010110011111001
1011000010001001
0010110111110001
0011000101010110
0010111001000000
0010110000001000
1010110010101011
0010111011001101
1010110000110110
0010100110000011
1010111011000101
1010110001101110
0010101001000011
1011000101011001
0010001011111101
0011000001000011
1010101001111011
0011000011100001
1010110000111111
0010011000100011
1010100011000011
1010110011011110
1011000001000101
0010100100110101
0001101111011100
1010100101010000
1010100110010001
0010010100111111
1011001111101101
1010110010110101
0010011111001011
0010101001100110
0010101100100100
0010101011010011
0010101010101001
0010111111001000
0010000111000000
0010111010111110
0010010100000000
1011000110001000
0010100100000101
1010111000011000
1010111000110010
1011001100101101
1010110101010110
1010111001111011
0010110011000011
1010011010101001
0010111111101101
0011000000000011
0010100111011100
0001111111100100
1010010011011010
0010111111010111
1010110000010010
1010110011000101
0010011000100001
1010111110111110
1010110011010010
1010110100001011
1010111100100011
0010101100010101
1010100100110110
0010111111010110
1010101010000111
1010110010011100
0010011010001110
1011001100111111
1011000000001110
0011000001011011
1010111010110110
1010101000101101
0010010101001000
0010101111000000
0010011000100110
1010110111000110
1010110011010000
1011000110011011
0010110110001010
1010111011000111
0010010101111001
0010011000010111
1010001100011101
0010110010001111
1010010111011001
1010101111110001
1010110110110011
0010110101101001
1011000000101100
0011000010000101
1010110000000111
0010010000111011
0010110001001111
1011000111000000
1011000101010011
1010001011100101
0010111000011000
0010110010010100
1011000000111100
0011000101110001
1010000001110111
0010110000001110
0010010001000001
1011000000011110
1011000011010100
1011000011100001
1010110101100011
1010001000011100
0010001111110010
1010100010000011
0010101111000101
1010110000001010
0011000110101000
1010100110100010
1011000011110101
0010011110000000
0010110100000001
0011000111111011
1010100100111010
0010111010101010
1010110010101000
1010111010110101
1001110000100100
0010101000100101
0001101100100011
1010101001110111
1011000011010000
0010011000010011
0010000100010011
0010110001100010
1010111001101111
1010110001100000
1001011100101100
1010111001111001
1010000010010001
1010101010110110
1010110100111100
0010110100001010
1011000001001011
0010011010010101
1010011011010100
1010000010101100
1010010011110000
0011000000100111
1010111000011010
1011000001110111
1010000110011111
0010101010010010
1010100110110110
0010101001100110
0010110010100010
0010011110000101
1001111100101111
1010100000001111
1010001011110001
0010111011001101
0011010000001000
1010011100000010
0010110111100011
0010111000110111
1010001011111100
0010111100001000
0010101100001110
1001000101011101
0010111100000010
1010111110110001
1010010100111101
0010110010111010
0001100111100000
1010111110110110
0010110101101110
0010111010110101
0010110100010011
1010110011010000
1011000011110100
0010101011100101
1011000010000011
0001010101111111
1010100101011100
1010101001111011
0010010111010001
1010100110100101
0010110110111001
0010110101101001
1011000001001111
1001111011000001
1010111110110101
0010101000010000
0010111100111110
1010101100110110
0010111011011001
0010011001011110
1010101111110111
0010101111010001
0010110110111110
0010011111111100
0010100111101001
1010101001100010
0010101001110101
1011000000110010
1011000001011111
1010110010011001
1010010111111110
1010010000101100
0010111011110001
1010110000101010
0010101011001000
0010110011010110
1010101001000101
0010001011001001
0011000001001001
1011000011100110
1010011101110100
1010101001101011
1010101101101100
0010001100111111
0010100111000111
1011000010000111
1010111110011000
1010111100000110
0001110110111011
0010111011100101
0010110000111100
1011001000011011
1010111100010000
1010101010100101
0010110100101110
0011001011011010
1011001101010011
0010110100001011
0011000100111101
1010100011110001
0010100110101010
0010111010000001
0010110110110111
1010110110010001
1010000010000111
1010110001000110
0011000010000000
1001110111011011
0010110001110100
0010110010011101
1011000100000110
1011000000110100
0010100011000100
0010010000111110
1001000100000010
0010110110011100
0010110001100100
1011000011011000
0001110001101100
0010111101110011
1010101110000010
0011000111011001
1010111001110011
1010100010111101
0010010001010010
1010110101000011
1010101001111111
1011001110110111
1001111000011110
0010110010100111
1011000001000011
1010100100000001
1010010000011001
0001100000001101
1010111111100111
0010110101011011
0010100011101111
0010101001011001
1010110011000011
0010000001001000
1010110001010100
1010101100100000
1010111001010111
1010111000110011
1010111100011111
0010100001001101
0001010000010110
1010101100111110
1010111100101100
1010011110001101
0010101011101111
1011000000011100
1010111111101011
1010101110010011
0010010100100011
0011001101101100
0010110101000010
1010011000000111
1010101010111100
1010111110001000
1010010001011100
0010110111100010
1010011010100100
0011000000111011
0010110111111001
1010101010110100
1011001101111001
0010011111111101
1010111100011001
0010101010101101
0010101110100110
1010111000001010
1010111100111000
0010110011100011
0010110010001011
0010111110000000
0010111111011011
1011000001000110
0010101001000010
1010111100000111
0010010011110011
1010101001001001
0010100001110011
0011000011111011
0011000001101101
1010101001111001
1001011111000110
1010110000100010
0010010011010100
0010100110111100
1011000010100000
0011001001010111
0011000111010001
0010100010101010
1001110010001000
1010111100001111
0011000100101111
1010001000001100
1010111101100011
1010101000110110
1010101010001011
1010001000001100
1010010100001100
1010110001010011
1011000000110001
0011000000111101
1010110110110001
0010100100010010
0011001011001100
0011000011110010
1010011100100101
1011000110001101
0011000110110110
1010111001101111
0010111100010101
0011000100001100
0010010000000100
0010101100011100
1010011010001101
1011000000110001
0011000010110010
1010110111111010
1010001101100011
0010010111111001
1010001001010100
1010101111011110
1010111000110011
0010101011010101
0010111010100101
0010001010000000
0011001001010110
1010101100100001
0011000010000010
0010011100111011
1001110101100111
0011000000101100
0010110100011011
0010100001010011
0010100001000100
1010110001001101
1010000100110011
0011000001000101
0010111110101011
1010111010100000
1001110101101001
0010011000110111
1010010001101111
0010101011010110
1010110000101101
1011000011111111
0010111010001010
0010100001110000
0010011010110011
0010111100001101
0011000011001011
0010111010100101
1011000101000101
1010110110100111
1010100010110000
1010010010110011
1010110111100000
1010010100000000
1010000000000111
1010111100111000
1010111110001110
0010110101101110
0010011010001011
1010110010100111
0010010011011100
1010111011000010
0010111001010110
1010111001110000
1010110000011011
1010111011110001
0010111011001100
0010111111110101
1010100111001101
1011000000000011
1010010101000100
1011000100101000
0010100000101011
0010111110011101
0010101100100001
0010100001001110
1010101011111111
0010110100010111
1010011000010101
1010100010001111
0010100000110001
1011000101101010
0010100000111011
0010110101100010
1010110000011111
1010100111011111
0011000000111000
1011000100000010
0010111001101110
0010111010001110
1011000101011110
1010100101001110
1011001100000001
0010110000010110
0010111010011010
0010111010101101
1011000010010101
0010010110001111
1011000010010000
1010111111111011
1010111000011011
0010101011000010
0010101100101100
1010110010000011
0011000000101011
0010111000011110
0011000010100000
1010110100011100
0010010100000110
1010110110011101
1010101001001010
1010101101000100
1010101100010010
1010111110110011
0000010111001011
1010100100010011
1010110110000011
0010100100000101
0010100110111101
0010110110000111
1010110011001110
0010110100011100
0010101101010001
1011000010000011
0011000011111000
0010110011001100
0010101110010000
1011000000101010
1011001001101100
0010001000000000
0011000001100001
1010011001101101
0011001001101110
1010111010111111
1011000111001011
0001111101101101
1010101111110011
0011000011101011
1010110001100011
0010111101100111
1010101100100100
0010110110011001
1010001110011110
0010111010111001
0011000001000010
0010101100010000
0010111111111110
1010100110101111
0010011100100001
1010101101010001
1010100111100000
0010010011110100
0010101000010001
1011000101100111
0010101100101010
0010110110110010
1011000001100001
1010000001101011
0010110101001001
0010111000011001
0011000011010110
1010110110110010
1010100011110011
0010110010111001
0010100100111111
1010011010011100
1010111011100100
1010111010010011
1010001000111100
0011001001101010
1010111100001001
1011001001011100
0010101001010111
1010110010010001
1010010001001110
0011000101110010
0011000100101111
1010011111101011
1010111001100001
1010110001010010
0010110001001100
1001110000010010
1010101001110011
1001011100110101
1010111111001010
1001111000001011
1001111100000010
1010110001110001
0001110100011110
1010100010011110
1010101000111001
0010111000111010
1010100001110011
0010101001101101
1010111100001011
1010011000110000
1010101101000010
1011000000000010
1010010000100100
0010001010011011
0010011001100011
0010111011111111
1010111011001011
1010011100101000
0010111011011011
1010110001000100
0010101001101011
0010010111011111
0010101111111111
1011001000010110
1010100001001001
0010111011000000
0010000010011111
0010111100001000
0011000100011101
1010111000111010
1010010101001110
1010100111000110
1010111010101001
1010000100110110
1010111101001001
1010010100101101
1010111011011011
1010110010101100
0010101110110101
1010111111011101
0010111010011110
1010011011000001
0010101110110000
0011000011011111
1010110001111000
1010110110110100
0001101100001000
0010110101010000
1010101000101001
0011000000010001
0010100000100011
1011000101100100
0010011111011000
1010111100010010
0010110000100110
1001111011110110
0001100001100000
1010110001111010
1010110001111100
0010100110101100
0010011100011001
0010100000011110
0010010010000010
1001100110011011
1010110101111101
1010011111010100
0010110100000101
0010100110101100
1010111010001111
0010100000010111
1011000110010011
0010110111101011
0010110111010101
0010111101110011
1010110011111100
1010110110101101
0010100110101001
1010111011100000
1010111100100101
0010110111010010
0010101011101011
0011000101001101
1010011111101111
1010101011100111
1010101100001101
0010011111000010
1011001010011011
0010111101110010
1010101101001000
1010111101001100
0010111001010101
0010110010100010
1010110010110101
1010101110101001
0010111001000001
1010100100100100
0010100001011101
0011000110001110
0011001001011011
0010011111110000
1010100000010111
0010101011100110
1010101111110110
0010100001011010
0010110011011000
0010111110100100
0010111011101100
1010111111000000
1010001010001000
0011001000101101
1010110011100111
1010111010101100
0010111001101100
0001111011011001
1010110100110001
0011001011111100
1010111111001110
1011000001111111
1011000001000110
1001110011001100
1010110001000111
0010111011111101
0011000111001110
1001100110011100
1010010010011110
0010110011111100
0010110100101111
0010110101000110
0011000000001110
1011001001011111
0010100101101000
0010101111010110
1010110011010011
0010011100001010
1010100001110010
0011000100100101
0010110101010011
1010111010011001
0010110100111000
0010110111111010
0010111010010110
0010101110011010
1011000000110000
0010011010001011
0010111111001011
1010101101010110
1010001111011010
1011001010011010
0010100101011101
0010110111001011
0010011100100000
1010110010110001
1001110000110010
1011000001001001
0010110001000010
0010110011111011
0010111110011001
1010111001111000
1011000100001101
0010110101100000
0010010001000101
1001010100000111
0010111100111011
0010111100100110
0010101000110010
1001101100110111
1010110100010001
0010111111001100
1001010000000010
0011000000010111
1010000000100110
0011000010111001
0010011011101000
0010101100010001
0010110010100101
0001011000000110
0001111001110110
0010010010000111
0010111001011011
1010001010101111
0010100111001110
1010111010110000
1011000100010011
0010011101111101
0010100100100100
1010111001001100
1010111001110000
1010110111011000
0010111001000111
0010001001001001
1010111000111101
0010111101110100
1010100101101101
0010100100111010
1010011001100101
1011000000101101
1010101001110110
1010011001001110
0010010111110110
1010100100011110
0010000110010001
1010111111001000
1010111101010101
1010101101111111
1010110000000100
0010100001010011
0011000010000111
0010110101000001
0010111001110101
1010110110001001
1010100110010100
1010111100111010
1001111011111010
0010110000110000
0011000100110111
1010101111011011
1010100000101101
0010110001100100
1010111010110100
1010111001111001
0010110101011111
1010110000101010
0010001110100100
1010110100111101
0010100111111010
1011000001111011
1010010101110111
1010100100010001
0010110110010111
1011000011100001
1010100100000100
0010101010011001
1001110110110011
0010010101110101
1011001000000000
0010011011110011
0010111100000001
0010100111100010
1010111000101111
0010100010000001
0011000000001011
1010011100110111
0001110101100110
0011000001101101
0011000110010000
1010011101011000
0010100001101010
0010010110111101
1010101011011110
1010110001001011
1010111001010000
1010100111011001
1010000111000101
1010010001001111
1010011110011001
1010101100101001
1001111100101100
0000110011011100
0011000010000110
0010100001000110
0010110011100010
1011001001111110
0010100101010111
0010010000101000
1010100001010001
0011000111101110
0010111100010101
0010111000000100
1010110100110111
1010111101100011
0011000101101000
0011000001011001
0010101111000001
1010000111101000
0010110100011010
0010110011011101
0010000101001001
1011000000010101
0011000000000010
1011000001100001
1010111111011000
0010111100101110
0001001011111110
1010101010000001
0010101100010100
0011000011000111
1010111001000110
0010110111001001
1010101010010100
1010111001011010
1010110010000000
0010010001000010
0010110111001111
0010011011010001
0011000000100011
0010101111000010
0010011000010011
1010111010001111
0010110000011010
0010110101011011
1011000000000011
0001100100101011
0011000000100001
1010111001011100
1010111000111011
0011000010001100
0010000111011011
0010100010001011
0010110100010100
1010110000010101
1010110101001011
0010100100101000
0010011101001000
0010110101011110
1011000010110110
0011000000011000
1010111110101110
0010011101110101
0010101100011001
0010000000001001
0010111101110000
0011000101001010
0010110000101101
0010111111001101
0010101011101110
1010100000010011
0010011101101101
1010110101011011
0010110110101011
0010101101000100
1011000101000000
1010111000001110
1010111100000000
0010110101010001
1010101100101001
0010010001011110
1010010111001101
1010110110111010
0010111100011011
1010110001011101
1010100111011001
0010111101001110
0010000110101001
0011000101101101
1010111010101000
1010001100100101
0010011010010011
0011000000100100
0010110001111000
1011001010001010
1010000111001001
0010110001111111
0010111100111101
0010101101000110
1010100100110111
0011000011101100
1010100100111000
1010110011110011
0010001000001000
0010111010000101
1001110000001011
1010110111101010
1010110100011001
0010011110001111
1010110011000001
1011000101111000
1011000011011111
1011000110100001
1010110000000011
0011000000010110
1010100000111111
1010110010110101
0010110100101010
1011010010100111
1011000100100011
0010010100000111
0010110011001001
1010110010101011
1010101001000101
1011000000000000
1010101111001111
1011000011101101
1010111111110100
1010101111000110
1010011101010010
1011000011100101
0010100111101001
1010111000001011
1010100100001011
1010111100000010
1011000001010010
1010100011011100
1010101000111111
1010100111110111
0010001000101100
1010010001001001
1010001011110010
1011001101011011
0011001010011100
0010110100011011
1010100111100000
0010110101111101
1010100101110010
0010110111000110
0010011001110101
1011000001010010
1010111010100100
0010101001100011
1010010101100011
0010111011100010
0001111100011010
1010011111101110
1010010111000010
0010110010110110
0011000001000101
0010101011101001
1010100010111011
0010111000000000
1011000111001000
0010110100111111
0010111111011111
1011000110101100
1011000001100101
1011000101010011
1010111111111011
0001110100100100
1001110111110001
0010111101010100
1011000010010001
1010110010000111
0010010001010100
0010110100110010
1010100010001000
1010110000011100
1010010100100100
0010101011010011
0010110011010001
0011000000000011
1010000101010100
0010001010001110
0010110101110111
0010110000001001
1011000010101111
0010110001110010
1011000010111111
0001011100010000
0010111010110101
0010100100110010
0010111001011110
0010110111101111
0011000010111101
1010100000010101
1010101101000111
1010111001110011
1010101101101000
0010111011001101
0010101001100000
1010110101000001
0010101000011110
0010110010100001
1010111010011000
1010010000101110
0010100010111111
1010110001101100
1010111000101000
1010101011011001
1010011000110011
0001110000000011
0010110111111101
1011001110001101
0010101011111101
0010111001100110
1010100110110100
0011001010001100
1010110100011100
1011000110001001
1010101001100100
0010110111101010
0010111111001111
1011000001110000
1010110101101000
0011000100011000
1001000111100100
0011000000000110
1010011111110001
1010110110100001
0010010011100000
1010111000000100
0011000010001100
0010010000001111
0010111100111010
1001111001001010
1010110100010111
0011000100010011
0001010110000010
1010010100100111
0010111000011100
1011000001000010
1010100000001001
1001110010011001
0010010011110011
0011000100001111
0010100110111111
1011000011011100
0010011001101110
1010100111011101
0010111111110001
0010111110111110
1010111110001000
0001111110010111
1010111000010111
1010110000111011
1010110101111011
0010111001111011
1011000010010101
0010110011100110
1010101110110000
0010110000001101
0010101100110001
0010011011011110
1010111100000011
0010101000110111
1010110011010101
0010100001000111
1010010010001100
0011000011101001
0010110110011000
0010110001110111
0011000100111110
1011001110100101
0010110110101111
0010110000001000
1010100000100000
1010100001111001
0010101100101101
1011000101111000
0010010011101011
1010110000110100
1010110100001101
0010101011110110
0010110111111001
1010111011001100
1010110011010100
1010100100000100
0010100000001010
0010001111111100
0010110010110111
0010101101011111
1010110110001100
0010110111001101
1011001100001011
1010110010100110
1010011101000111
0010100101010000
1010000100000100
0010101000100100
0010011001001010
1011000110011001
1010010011011100
1001111111110011
1010110110111101
1001110110000000
1011000110110101
0010101110101010
1010101111010010
1011000100100100
1010110100100110
0010101000000101
1010100011111011
1010101000011111
0010111000100010
1010111011010001
0010101011101001
1010100110110101
1010111001111010
0010011001010111
1010000011101110
1011000010000100
0011000011111010
0010010101111100
1010100011011000
1010111111011110
1011001110000100
0010110000110101
1001101111111101
1010011001010000
1010101001010111
1010111001011010
1011000011111010
1010101000001000
0010110100101010
0010111010110010
1010110110100000
0010001000101010
0011000001000101
0010100000000100
1010100001010000
0010100111111001
0010010011100101
0010101010110111
0010010111110111
1010111001111110
0011000100010000
1010110110101110
1010111011100100
0010110011100100
1010100100011010
0010100101100100
1010110000000101
1010111001011001
0010011101011000
1010110110110110
1010110010011110
1011000000100111
0011000101011001
0010101001000010
0010011111100001
1010111010001000
0010111000110011
0011000001000111
0010011000001000
1001111101100100
0010111011000011
1010111001110001
1010111011100010
1011000001110100
0010101001100101
1010111000011111
1011000111100101
0010010111001110
0011000000110101
0010111010001100
0010011101000100
0010111111111010
1010110100110110
0010111010010011
1011001100101100
1010111001010011
0010111010101101
1011001001000101
1010110010110110
0011000110001011
1011000011000011
1011000001110000
0010101011111111
0010101011000000
1010010001100011
1010101001111011
0010101000010101
0011000000001100
1011000111001000
1010100101000011
0010110010110111
1010111000000001
0010100110111001
1001110001010111
0011000000100010
0010101111000001
0010101001011101
0010010000101101
0010100110010010
0011001010001101
1001100011111110
0010100110010101
0010101010101111
0010111000110100
0011000001011010
0010110101001011
1010011000111000
1011000100000001
1010110010111101
1010110111000001
0011000010101000
0011001010110110
0010100101111100
1011000010001011
0001101001111101
0010001000100010
1010100010001101
0010100110001111
0010100110000001
0010110011100100
0010011011010110
0010100111001100
0010101111100010
1011000001100000
0010010100010111
0010100010110010
1010110101101110
0010110111011101
1001111111100011
0010101100100101
0010110001100000
1010111011110010
1010001010110110
0010110010110111
0010011010001010
0010110011010110
0011000011011101
1010111001111001
1001000101111000
0010100010111001
1011000111101110
0010110010000010
1010110011011010
1010100111001011
1010000100101100
1010101000001100
0010110110101111
1010010010000110
0010110001100001
0010110010011100
1001111000111111
0010110111110110
1010110111110110
0010110001100111
1010100101001000
1010011110111111
0010010011010010
0010110110100110
1011000010101000
1010100100001010
1010100001111001
1010110001101001
0010100010000101
1011000000001011
0011000001010110
0010100100100011
0010011011011001
1011000100001011
1011000010111101
0010101000000000
1010011011101011
0010100001000100
1010110111000110
0010100001101011
1010010000001010
1011001110001100
0010110001110111
0010111011100100
0010010010001111
1001110100101110
1011000001000001
0010100111011000
0010100001111101
1001010110110110
1010110110100010
1010110000010011
0010110011010100
0011001100111001
1010101101100010
1010111011111101
0010001010010110
0010110111101001
1010000001100110
0010110011100000
1010111010001010
0010111000111100
1010010100101001
1010010101001110
0010110000111110
0011000000000111
0010101011111100
1010110001001101
0010110101000000
0010110000001110
0011000001111001
1010100100110000
0010101000110001
0010110001111110
1010110001011010
0010110010111100
0011000001000011
0010011110001110
1010110100010101
1011000000001100
0010101110001110
0010011011110011
0010111001001101
0010011000100101
1010010110111011
1010111000110110
1010110100100000
0011000000001001
0010110111100110
1001011001110110
0010100111100000
1010110001111000
1010110010001001
0001110110100100
1011000010001100
1010001000010001
1010100110101000
1011000100100011
1010110001011011
1010110001101011
1011000010001010
1010110110110011
0010110011011010
1010111111010101
1010111100001001
1001111101001011
1010110000011100
1010110001010110
1010110100000000
1010111010111111
1010011010011101
0010101101111011
1011000010010001
0010011100101010
0010100110110100
1010010010010001
1011000101001111
1011000000000001
0011000000110100
0011000100110000
0010100010110011
1001011110111110
1011000101001100
1011000011101011
0010111011111100
0011000000110111
1010110100000011
0001111011101011
0010110011010101
0011000010101100
0001111111010111
0010010101011000
0010100110010000
1010101101010000
1010111001100010
0010100001100010
0010111100101011
1010101001100010
0010111010110101
0010011010101101
1001010101011001
1010101100111110
1011001101000001
1010000010100000
1010110100001011
1010101011100101
0010101101110011
0010101011100001
0010111011000010
0010101101001011
1010001110100100
1010111110010100
0010111001001101
1010101010111100
1010110101001000
0011000011001101
0010011101001001
1010101100110000
0010111111001101
1010100001011001
1010010011110100
0010100010101101
1010111011001101
0011000100110100
0010110000011011
0010111011001010
0010111001100011
1010101000000100
1010111100111001
1010111010011100
1011010000011011
1011000001011110
0011000011011111
0001111001011011
0010101010010001
1010111100111100
1010101101000001
1011000001011000
1010110000000100
0010110000100010
0011000001000111
0010000111011111
0010110000100001
0010010001110011
0010110001010001
1010101000100110
0010001010110110
1010011101010001
1010100101100011
0011010000000011
1010110010011000
1001111001110101
1010111011001111
0010111011011010
0010100101101010
1010110011110010
1010101101011011
0011000000110101
1010100110010111
1010100010101110
1010110001111010
0011000101010111
0011000001000100
0010110000001000
1010101011101011
1001011011110110
0010111001110011
1010110111010000
0001100110001001
1010101001011100
1010111010111001
1011001010000010
1010101010110011
1011000001010111
0011000101101100
1010100000011111
1010000100000010
1010110100100011
1001101000110011
1010111000110100
1011000010100001
0010011101011100
0010110001111111
1011001001010111
1010110101010111
1010111010001100
1010101000011111
0001111010010001
0010101011001010
1010001000111110
1010101111111111
0010100110110110
1011000000000111
1011000111010011
1011000000101111
0011000000010001
0011000001011001
1010110000011010
0010100101101000
1011000011111100
1011000000111001
0011000000000100
1010111101100010
0010100101011001
1010001111011011
1010111110111101
0010111010000100
0010100101010010
0010001101101011
0010110110110110
0010000000100110
1010100011101101
1010110010001100
0000110101010100
1001111010011101
0010100010001110
1010100101101011
0010001011100000
1010011111010111
1010111100100100
1010100011000100
0010000101101001
0010110010010000
0010111110011111
1010100011111111
0010101100101000
1010110010100000
0010110001000000
1010110010010110
1011001001100000
0010101100000100
1011000101111000
1010110010010000
0010110010111001
1010111111110110
0010000101111001
0010110000101001
1010101001010100
0011001010111000
0010110101001111
1010110101101101
1010100100010100
1011000000100100
1010111100100000
1011000000101100
0010010000011010
1010000110111100
1011000000110010
0010110011001011
0010011011110000
0010101011100110
1010101101001010
1010011101011011
1010100100100100
0010110001110111
0010111101010000
1010111101111110
1010101111010011
0001011010100010
0010110010011100
0011000000100000
1010111011001101
1010101110111101
0010101100011000
1010010000110010
0010100111001101
0010001111110000
0010000000011010
0011000001010111
1011001000000000
1010111011101111
0010100001001000
0010010101000010
0001110110011100
0011000001001011
0011000010100010
0010111010000011
0010011011001010
1011001001100110
0010101111111000
0010011010011010
0010110000111110
1010110101001000
0010101001101111
0010000101000101
1010110001101001
1010111010011100
0010011011001110
0010100111111001
1010101100100110
0010101001001010
0010110110011100
0011000011110001
1011000000000011
1011000010110110
1010111001001101
0011000000000110
1010011110101101
0010111110011001
1010110111011000
1011001110100101
1011000010011000
0011001001101111
0011000010110001
0010110000100010
0001010001000110
1010110001010010
1011000001011100
0001110111101000
0010101011011110
1010111110000101
1011000111010110
0010110101110000
1010010010011000
0010110111000001
0001110101000011
0011001011011101
1010111101111100
1010111101100011
1010110110111101
0010101111110010
0010110010110111
1010110111001110
0010111110011011
0010110010111000
1010100100100001
1001110101011110
1010101000001010
0010111111100101
1010111111001001
1011000100111100
0011000101000000
1011000101010101
1010111000100000
1011000000101111
0011000000011111
1010101001111111
0010101101101100
1011000011101100
1010111011100000
0010111011101101
0010100110001111
1011000010000110
1011000100011011
0010110011110111
1010110000110111
0000110000000100
1010110000011110
0010100000000100
1010111000010110
0010100111110101
0010011001000000
1010111111000101
1010111000000010
0011000000010100
0010110100011110
0010101101101011
0010110100101101
1010111110011100
0010001101001011
0010110001011001
0010111001010000
1011000000100101
1011000000011000
1010110100100001
1010110000011000
1010001011110101
0011000011001001
0001101010100110
0010001100100110
0011000010100011
0010101100000011
0010110100011101
1010011010001010
0010010011101001
1010101110101010
1010111111111111
1010101111111101
0011000010101111
1010111011100000
1010110010111011
0010010001111100
1011000011000010
1010111000110001
0010110111101100
0010101011111110
0010110011111111
1010101111000100
0010010101101111
0001111110011011
1010111011011010
0010111000011010
0011000110110001
1010110100010011
0011000000000010
1010110001011101
0010111101101001
1010101111001000
1010101111111101
0010100000011000
1011000011101000
0010100010001000
1010110010111010
0010110011000111
1011000010101011
1010111010001010
1010100111000011
1010100000011101
1010110110111111
1010110101111010
0010110011111001
0001111101000011
0001101100111100
0010100010100100
1001101001011001
0010110010000000
0010100000000010
0010111111101000
0010110010101001
0010110000001010
1010110011110111
0010111110111101
0010100111110101
0010111011000111
1010111110011111
0001101111101001
1011001100111011
1010100000101101
0010110101001011
0010011001111110
1011000100110001
0010100111011000
0010110011101011
0011000010011111
1011000000111000
1010101011111110
1010010110010110
1010110011101101
0010111010010111
0011001001000101
1010110001000110
1010111011010110
0010111000101010
0010101100111001
1011000000010111
0010010001011101
0010010000100111
1010111110011000
0010111111100100
0011000010011100
1010101100000111
1010111101111011
0010110010111111
1010101111111111
0010110100101101
1010011010010000
1010101110111000
0010100110000000
1010110011010110
0010110111000000
1001101010010110
1010110110100011
0010011100100111
1010100011100010
1010001010010101
0010110001010110
1010011001010110
1010100010011000
1010010010100000
1010110010110011
0010010001000010
0010100001000100
0010110001100010
0011000001011001
0011000100001010
0010111110011011
1011000001010000
0010111000000011
1010011101011000
0010011011100000
1011000010011010
1010111111000100
0010110000111010
0010101100100010
1010110010001110
0011000001110010
0010110110001101
0011000011100110
0010011001010101
1010011110101000
1011001001001111
1010101001011111
1010111100101110
0001111100101010
0010111100011011
0010110001100001
1010111000011011
1010011111111100
0010011101001011
1010110010000010
1010110000001011
0010101110111010
1010110100011010
0010110011001011
0010110110101101
0010010010100100
0010101101101110
0010111011100110
0010111101101010
1010111000011010
0010111111000110
1010111000111010
0010110101011110
1010010001010111
1010110100101010
1010101010011100
0011000000001101
1010000100001010
1001111001011111
0001111111011100
1001110001001100
1010000110111011
0010101111110100
0010100100100111
1010011000001011
1010110011101000
0010111100101010
0010111000101001
0010111111110000
1010101000100101
0001110110101110
0010101001101101
0011000101000101
1010101011111101
0010001101010000
1010111111101111
0010101010100110
0010110001010010
0010111101001100
1010111000011000
1001111111010011
1010110000001001
0010101010101010
1010000000100101
1010111100000011
0010101100010101
1010101111100111
0010010011110001
0001111110100001
0010110001000010
0010111111101011
0010111011011010
0010110100001011
0011000100111111
0010010001100010
1001011011000100
1001100101010110
1010110010001000
0010111001001111
1010101011111111
1011000000111110
1010101101101101
1011000010011010
0011000001101101
1010100100111001
0011001100001001
0010111010010100
0011001010000001
0011000110011000
1010111001011111
1010100100010001
0010111111000001
1010010111000000
0011000000111110
0010100011010000
1011000110110100
1010110110100111
0010111011000001
0010111100010001
0001111111110111
0010110001000000
1001110110101101
0011000100110001
0010111010111110
1010011100101001
0010101111010111
0010101011111000
1011000001000101
0011001101101000
1010101110011111
1010110010010100
1010110001101011
0011000100011011
1011000101000010
0010001000111010
0011000010100011
0011000100100001
0010101000101011
0010101110111010
0011001001111010
1010101101101001
0010100110011011
1010000011011100
1010111010101011
1011001011111000
0010110110010000
0010110000000001
1010101100111100
1011000010011000
0010111001001001
0011001010011000
0011000000001111
0010100010110111
0011000011100110
0001111000011001
0010110110111011
1011000001100011
0010111111011111
0001000001010011
1010111101110110
1010100000110000
0010110101110111
1011000100100100
0010110111010000
0010110101011111
1010101101010101
1010110100011010
1010100100110000
1010101111110100
1010000101000000
1010011111101011
0010110101101011
0010110110101110
0011000010011000
0010111011100001
1001100011011010
0010110110110000
0010000100110101
0010011110000000
0010110010100001
0010111110010111
0001110011110001
0010111001010111
0001101011110110
0010100000111100
0010111000011001
0010110100010100
1010101011011101
1010000100110110
1010110011010110
1010100100100110
0010110111110010
1010000101011010
0010110110101111
1011000011010010
1010110000110110
0001101100100000
1001101111100001
1001110010000101
1010010011010100
1010111100110000
0001110111100001
1010101000101000
0010101110011101
0010100111111011
0010101011111101
0011000010110010
1011000000100000
1010110011110111
1010101111011100
1010110011011001
1001100011011011
1010101001111111
0010100101000010
1011000101110101
1011000100110011
1011000000001111
0010100010010101
1011000000011111
0010100101100010
0010101100010101
0010011101010101
1011000001110101
1010101100001010
0011000000111100
1010110011100101
1011000000001011
0011000100000001
1010110001011011
0010101110000001
1001110110011001
1010100101001101
0010000110010010
0001111010001011
1010110101011011
1010010011000010
0010110000100011
1010100110111100
0010110111101111
0010011110100100
0010110111000110
0010100011001011
0010100111011111
0010000010011010
1010111100011010
1010110010111000
1011001101110011
1010100011101111
1010100101111001
1011000111011101
0010110100101000
1011000110111010
0010110110001000
1011000100111110
0010100000111001
0010111010001001
0010110011000010
0010111101011010
1011000011101100
0010011111100110
1010111000101011
1011000000110011
0010011000010001
1010100111111011
1010110010110100
0011000100010111
1010101101100110
1010110110000001
0011000101000111
1010100111000011
0010010001100100
1010010011111100
0010010011110100
1010010010100011
0010111000110001
1011000000111100
0010110001011000
0010111111010010
1010101011000110
0010111010111110
0010100001111011
0010001000000000
0010010110101101
1010100110101100
0010111110101010
1010110100011100
1010111110001010
1010110000010111
0010111000010100
1010111110100101
0010110001100110
0011000100011011
1010010001000100
1010100110100010
1001111001000010
1011000011111101
1010110010010101
0010001101010110
0010110010001111
0010110000000110
0010111101000101
1010010111101001
0001110100001101
0010011001000000
0011000110011110
1010100100011100
1010111001100100
1010101101011110
0010111101010001
0011000101101011
0010110011011110
1011000000001101
1010101111000111
1010111000000001
1010001010111101
0010011000010111
1010111110100110
1011001010110010
1011001000111111
0011000001010110
1010001100101101
1010111110010111
0010111100010110
0010000100010011
0011000000111101
0011000000010010
0010110101101101
1010110000011011
0011000101100100
1010101110111000
1010111100100000
1010110111001100
1011000000011101
1010111110010101
0011000110101101
0010111110111111
1010111011111001
1010100010101011
1010110111001110
0010111001100000
1011000000011110
1010001011010101
0010100001101111
1010111101001111
0010111111111010
1010110101000011
0010111111000001
1010001101000000
0010110000010010
0010111101101101
0010101110101100
1010110000101001
1010111000010000
1001010101100110
0010101110101100
1011000010011010
0010000111111111
0010110001110010
1010110010101100
1010000001100110
1010001011111101
1010110101011000
1010110011101111
0010101111101000
0010111011011111
1010111011101011
0010011011110001
1010100001010010
1001110011000101
0010011000010010
1010101001101101
0010011010101101
1010110011110001
1010011000011101
1010100000101101
1010110100100010
0010001101100100
1010100111111001
0010101111111000
1010101011100100
1010100000011001
1010100100100110
1010011100000111
0010111111101000
0010101001100101
1011000101100011
0010101011110010
1010110011110100
1011000001101110
1011000101010110
1011001110110001
1010110011010100
1010111101010101
0001100000110110
0010001000100000
0010101110001111
0010111000011010
0010101100001111
1010100100111000
1010100010010100
0010011001011111
1001101100111000
0010001001100000
1010111101111100
0011000100011010
1010110100111000
0010001011000010
1011000011100000
1010110101010011
0011000110001010
1010110101001001
1010110000000111
0010110101000110
0001110001010011
0011000000000001
0010101011110101
0010101101101111
1010111010111111
1010110000100011
1010100110010110
1010101000111100
0010111011000010
0010101100111100
1010010101101011
0001110111101101
1010110110001001
0010101011110000
1011000001000101
0010011101100000
0010000110100100
0011000100011010
0011000000001000
0010111010101001
1010100011100000
0010100111111110
0010011000001110
0011000100000001
0010111101010011
0010001010010111
1011000101001001
0010101000100000
0010110111011011
1010110111101010
0010110011111101
1010110010111001
0010101000000111
0010100000010001
1010001011110011
1010110110001110
1010101011001100
1010110111100101
1010111000110110
0010111011000111
1010110110011010
0010001100010000
0010111101110100
1010001100010100
0010100111111111
1010011110001011
1010111011101011
1010111111111101
1011000001010000
0010100000011100
1011000101101001
0001000001010010
1010110001101111
1011000000000110
1010100000111011
1011000111100110
1010111011011110
1010110000111111
1011000100100110
0010100100011011
0010100110111100
1010000001101101
0010101101001011
1010000100001010
1010011010001001
0011000010010101
1010101010001000
1010101100101111
1010111110100101
0010110011110101
1001110000001001
1010100001101110
1010110010111001
0011001010010110
1010110010110111
1010111110100111
0010100011001011
1010100100001011
0010100111100001
0010110000011011
1010110111001110
0010100000010001
1010111001001001
1010101011101111
1011000101110000
1011000100011000
1010011101101111
0001110111011010
1010100001100010
0010111101111101
0010100001011011
1011000111100100
0010100110101100
0010001001000100
0011000010110010
0010111010011101
0010011100110111
1010101100000001
0010110100010011
0010010101000010
1010100011010000
1010110100000011
0010100001000010
1011000100011110
0011000000010101
1010100100101101
1011001010001110
0010110100000000
0001111001010100
1010111011001100
1010110100110001
1010110011110000
0010110011011100
1010110111101110
1011000001010111
0010101110011011
0010100010111011
1010101100001111
0010110010011010
0011000001101101
0010111011111110
1011000111101101
1011001001001001
0010010110000010
1010100110100100
1010000101011010
1011000001011100
0010111001001111
1010011100110010
1011000111010111
0010111101011111
0011000010001000
1010111001010000
1011000101111111
1010101110011001
1011000110011001
1010110001111110
0010011111100001
1010000011101010
1010011010110100
0010100110101101
1011000101101010
0010111101101000
0010100100101000
0010000001001111
0010011110100011
1010100100110010
1010111010011000
0010110100001100
1011000000111100
1010101000101111
0010110010100100
0010110010101001
0011000011000101
1011000001001011
1010100000011101
0001100111001100
0010101111001001
1010011010010010
1010110111110100
1010101100001110
0010000110100101
1010100110001011
1010010111101100
0010111011001100
0011000001001000
0011000010001011
1010110100100100
1001101101001111
1010101010000011
1010110101110111
1010111110001111
1010110110101010
0011010001011111
0010100010100111
1010010000111101
1010110101000011
1010110011110010
1010111001000001
1010111110101110
1010101011010011
0010100010000111
1011000001001110
0010110100001010
0010100011000000
1010110111111111
0010101111111010
1011000100011011
1010010000110001
0000101101001100
1010011011001101
0010001110110000
1011000100001000
0010100001011000
1010110111010110
0011000010101101
0011000001111100
1010110110011111
0001100011010000
1011000010001010
1010100001100111
0010100001001110
1010001100111010
0010000010010100
0011000000000101
1011000000011111
0010111010101000
0010101010011100
1011000011010100
0001100011110000
1010111001101001
1010010001000010
0010101101001101
1010111111101111
1010101010100001
0010111100010001
0010111111001101
0010010010000001
1010101001101010
0010001110010111
0010100010000101
0010110001100001
1010010100000111
0010110101101000
0010100101100010
0010000110111111
1011001000000011
0010100111111000
1011000000010110
1010111010111011
0010111101100011
1010101110101010
1010100100001001
1010110101100011
0010100100111101
0010100110000100
0010100010110010
0010100011101101
0011000010000010
0010000100110111
0010110011010100
0010111011011100
0001011101000010
0010110001100110
1010000001000000
1010100000001001
1010101011011100
0010111001111100
1010110011100011
0010100110100101
1001101100011001
1010111010101000
1010100101001110
0010001100100111
0010101011101101
1011000101100111
1010101011101111
1011000010100101
0010100100101101
0011000101110101
0011000100010110
1010110010110100
1010000100110011
0010101101000010
0010111101011000
0010011101001110
0010110101110000
0010110010101001
1010010001111100
1010111000101110
0011000100011110
0011000000011000
0010101001111110
1010100110111101
1010110000111000
1011000111110000
1010111001111100
0010010111011100
0010000000010110
0010111010000001
1010101001000011
0010110101011011
1000111101100110
0010101001111110
0010100001011100
1010111011111001
0010110000101010
1010111100100000
1010100001011001
0011001010010110
0010110011010001
0010110010110010
0011000000100101
1010001110111001
1010111000011001
1010111011111111
1001100001001111
1010111111000010
0010101011100001
1011000100111110
1010101100011011
1010010010100100
0010000100111111
0010110101100001
1010110011111100
1011000010000001
0001110000000001
1010100011011110
1010111110010000
0010110011101101
0010101101111011
0010110001001011
0010110111000001
1011000000101011
1001111011111001
0010011010001000
0010001000010001
0010110110000110
0010110110010110
0010010001111010
1010111100011010
1010110011000001
0010110000110001
0011000100111110
1010101010111000
1010101010101101
1010110111001101
0010110010110001
1010111110111111
1010000110000100
0010110011111000
1010111011100110
1010101011110110
0011000101011010
0010011101010010
1010110010110000
1010101111111010
0010100101111101
0010111011111011
0010111000110101
1010101011001011
0010100010001101
1011000010100001
0010100101010111
0010110000100011
1011000010110100
0010110111010000
0010010010000110
0010101111010100
0010101010000010
0010111111010111
0010101101000110
1011000101111111
1010011010111101
0010111000101101
0010110111001110
1010011110111111
1010110111100010
1010100000100010
1010010111101110
0011000110010100
1000011110011100
0010000010111001
0011001010000100
1010011001000110
1011000001110101
1010010000000111
1010010000000001
0010101001001100
0010111011000101
1010110101100100
0010100100110010
1011000100100001
0001111101011111
0010100001011010
1011000100001000
1010111100111101
1010110011111101
0010111110000001
0010110101110001
1011000101101110
1010110111011111
0010101101010110
1010100011110000
1010101010010010
0011000001000011
1011000000110010
1011001101101000
1010111101110000
1010011100101101
0010110101000000
1001111100111001
1011001011100100
0010101001111000
1011000100001011
1010110001111011
0010000010001010
1010101100100011
1010100000000000
0010110111100011
0010110101000101
1010010010000100
0011000000101111
0010100001101110
1010110011001000
0011000011111101
0010000100100010
1011000011001110
0010100011001010
1010100011010010
0011000010000100
0011000100000010
0010100011011101
1010110110101101
1010100011111100
0010110000111111
0010110010110000
0010011011110010
1010110010010101
1010000001000011
1011000111100011
1010110001000010
1010010101010101
1001000001110010
0011001010010111
0010010001111010
0010110010100111
0010101011001110
1010101011010011
1011000011010000
1001111001011111
1011000011011001
0011000100011110
1010111110010101
1010010010011011
0010111001100000
1010111110010101
0010100101100010
0010110100111010
1011000001010100
0010011101000010
0010110011001010
0010101000110111
1010110100111110
1010111011001000
1010111000000100
1011000011110110
1010101101111111
0010110001111110
0010101001101100
1010110100011100
1011001010000001
0010100000100111
0010100001100000
0010110101111100
0010111010111001
1011001010010101
1010110000110110
1010111101100110
1010000010110001
0001111011011011
0011000101011001
1011000100001011
0010111010010111
0010111001111010
1010111010000110
0011000010000111
0010111110000111
0010110110011100
0011000100000000
0001101100111001
1010100011001010
0010101101110000
1010010000101110
1011000001111000
0010011011101000
0010000011001010
0010011000000000
0010100001000110
1010111101111100
0011000011001110
1010101100011110
1010111101110110
1010111011111111
1011000101101101
1010111011010100
0011000110101011
0010000000101110
1001110101011111
0010111111111111
0010100100000100
0011000000000010
0010010101011001
1010101011011011
0010111011111011
0010100010001101
1010100000000111
1010110111000001
1010100000010010
0011000001010011
1010110011100000
0010000001111110
0011000001100001
1011001000101011
1010101110100010
0010111101111110
0010111110110101
0010100111110000
1010011100001011
1010101110000101
1011001000000011
1010100111100101
1010011101001011
0010101011011110
1010001010111001
1011000101101000
1010111110110110
0001100100000101
0011000001111111
0010110001000110
1011001100001111
0010100101101001
1010000110000111
1010110100100010
1010100010001010
0010110011110001
1010101011110011
1010111011000011
1010110001101000
0010110001101110
0010110010100000
0011000111011101
1011000100101000
0010001111000011
0010010010011101
1011000100100001
0010011001100110
0010110001011011
1010111110010000
1011000000001000
1010110110111110
1001101101101010
1011000010011000
0000110101001001
1010110011001100
1011000011111110
1010010011001000
0010110010001100
1011000100110101
1010000001101001
1010111001001101
1011000100111101
0001010111110000
0010101111011011
0010010010001000
1010100011111111
0010001011100000
0010100111110010
0010110011110110
0010101111011010
0010100111010100
0010001110001011
1010111000010001
0011000001101000
1010111100011111
1011000101011000
1010010000010011
0010111000111111
1011000000110111
0010110001011000
1010110100101110
0010110010101111
1010101010010110
1011000001100111
1010111000011111
0010111001101111
0001100100111000
1010101111000000
0010011101001001
0010110101100000
1011001000001101
0010100111011000
0010110101110011
0010111101101000
1010001000111000
1010111110000010
1001111101001011
1010101010101100
0010101000111100
1010110001111000
1010110110010000
0010110110001000
1010111101101100
1010111111010111
0010101000101111
1010110001101011
1010111111111001
0010111011011101
1011000011110100
1010111110010101
1010001000000000
1011000000000011
0010111111100101
1001110000111101
0010011101011000
0010011000100010
1010110001010001
1011000001110111
1010010100000100
0010110101011001
1010011110001010
1010010111110000
1010110010011011
1010100010111100
0010101011111110
0011000110110001
1010111010000000
1010110100110101
0010100010000101
0010110111110101
0011000110000011
1010111101000011
1010111010000111
1010111000001011
1010100111101101
0010100101111110
1010110111111000
1010101011101100
0010101111100101
1010101111000001
0010100100011000
1011000000100010
1010110011011110
0011001000101110
0010101001011000
0011000000100100
1011001001100000
1010111100111100
1001110000100001
0010110011110100
0010001110100011
0011001011111001
1010110111111110
1011000001000101
0010011000100111
0011000000110011
1010101101101000
0011000111111001
1010000100100010
1011000010111000
1010111101001011
1010011111000001
0011000010001010
1010110100001011
1001110110010000
0011000011010110
0010001101000001
1001111110111111
0010111100111110
0011001011011111
1011001010000011
1010101110010001
0010101011110101
1010100001110011
0010100100101011
1010101010010100
1010110011101100
0010011001100011
1010011100010101
1010110000011001
0011000110100101
0010110011111011
1011000101110010
0010110101010010
0010111111110000
0011001010110100
1011010101011010
1010111010000001
0010101100100001
0010111001000100
1010011111011001
1011001011100001
0011000010101110
0010110101111001
1010111110000100
1010111001011000
1010011101111110
0010011011001000
1010110010001111
1010110001011111
1011001001111010
0010111100101011
1011000100011000
1011010010100101
1011001100101010
0010010000001101
1011001100101001
0011001000000011
0010100010101100
0010110101010000
0010100110010010
1010100010111100
0010100000000110
1001110000011100
0011000111101100
0011000001100011
0010100101010110
1010110011010100
0010111001110100
1010110000011011
0010110001101001
1010110001111101
1011000010110101
1010111001001000
1011001011000100
1011000100101010
0010010100001011
0010111101101111
1011000000110101
1010111010011010
0010100000111010
0010111000011100
0010110101001101
0011000000011111
1010111100011100
1010101001100001
0010100001001111
0010101101100100
0010110011101000
1010001001000100
0010100110100101
1010101010010101
0010110111100000
1011000000101100
0010100100110010
0010111001000011
1010110100000100
1011000100100000
1010110100101010
0010110000100111
1010101011001110
1011000000011010
1001001110000000
0010111100100000
0010010101001101
0010101001101111
0010111100000101
0011000011011011
0010101001000101
1011010010100010
1010101011100011
1010111110010011
0010100100001101
1010110011010000
1010010101001000
0010111001101100
1001110111101100
1010011100101010
1010110111000101
0010000101011100
1010111110001010
0010111100001111
1011000001010001
0010011101000101
1011001011100000
1010100110110101
1010110001110001
0011000101011001
1010100110001010
0010111010100101
0010110010001010
1011000100101111
0010010010111101
0010001001111000
1010100000100011
0010100000011010
1010100110010100
0010100010001110
0010011011001110
1010101010000101
0011010101001100
0010101100000110
0010101000011100
0011000101000100
1010100010101011
1010101010101011
1010110110010011
0001000110100101
1010111001101001
1011001111101101
0010010010001000
0010111110111100
0011000000111001
0011001001101000
1010100011100011
1011000001110110
1010111111000011
1010100010000010
0010111100010001
0011000110100111
1011000100100111
0010010010100011
1010110011001100
0011000000001100
1010101011010110
1011000001101011
0010101111011110
0001111110110001
1010010100011001
1001110010110100
1010010001100011
0010100110110000
1011010001011011
1011000100100010
0010110101111011
1010110000010010
0011000101011100
0010111100010000
1010110111011010
0011000011111111
1010101001100010
1011001010011001
1010111001011011
1010110111011010
1011000010101001
0010000011111010
1011000101100011
1010110111111110
0001001111010110
1010010110010011
0010111101110111
0010110000010110
0010100100001100
0010110100110101
0011000100001110
1010110010111111
1010010101110011
0011000000111100
0010110011010011
0010101010111011
0010100111110100
0010101001001101
1010010000001111
1010111101101000
0011000101001011
0010101100100110
1010110100001011
1011000011000100
0011000001101110
0010111100011100
0001101110001001
0010110011010111
0010110101100001
0010101110010101
1010100010100000
1010100000111001
0010100010011000
1010110110011110
0010101101010100
1010010100001000
0010011001110010
0010111111101110
0011000000111011
0010101000110010
1011000100010101
1010110100110110
0010110001011110
0010101011000010
1011001011111011
0010110001011011
0010110100100101
0010101101100010
0010010110010001
0010001101111000
0010100010000101
0011000000010100
0001110011101101
1010110110001100
0010110001010010
1010111110110000
0010000001100110
1010111010100000
1010110011110100
1010101000011011
1010111101010111
1010110000011100
1010110011100010
1010110001000100
1010000011100000
1010101000000010
1010100011101101
1010110101101101
1010001010010110
1011000100101000
1011000000111011
0010111101011000
0010110000011011
1010101111010000
0010100000100110
0010011011110011
0010101101111000
1010000111110000
1010110010100001
1010011000100011
0010010010110110
1010110110011100
1010111101010111
1001110011000101
1011001110000000
0010001110010101
1011000100111111
1011001000000010
0010001000010111
1010111011011100
1010101010101111
1010011011100010
1010110000111111
1010100000001111
1010100101110011
0010111001111000
1010110101110101
1010011001001001
1010101011001111
1010111000100001
1010100001111101
1010111010110011
0001111101100010
1010111011110000
0011000010101101
0010110000010100
1010110000000010
0010110000000110
1011000010101111
1010101011110100
1010000111011101
1010111000001110
1010101111001100
1011000110011110
0010011110100010
1010110110100010
1010011001100001
0010100101110010
1010101110111110
1010110001100101
1010111110101111
0010010000111001
1011000001001000
0010111000111011
0010110000110101
0010111101010100
0010111011000110
1010101010010111
1010110001110001
0010001110011100
1010101111110010
0010110101110001
1011000110010010
1010111000111100
1010011111001010
0010011100011110
1010111101111100
0010110011110110
1010111100110010
0010000101001011
1010011101000110
1011000000110000
0010111111111101
1010011100000110
1010110000110000
0011000110000110
1010011000111011
0010100010110010
0010110110101001
1011000010101101
0010110000000010
1010100001100000
0001110010101100
0010001101001001
0011000011011101
1010100101110011
1010111111100101
0011000000000011
0010110000111011
0010111110000101
0010110101100010
0001111000101111
0010011100000011
1010110010110101
0010101010110000
1010101001001010
0010010101110011
1011000100011011
1010010011011101
0010000111101111
0010001000110100
1011001010101010
1010101110101111
0011000011000111
0010110101001010
1010111011000100
0010100011110110
1010110110001010
1011000110101100
0010010100100101
0010101101101100
0010101000110010
1010011100100101
0010101100010001
0010010000011000
0001111111000100
1010110101101001
1010110100010000
1010101101010100
0011000001101011
0010110010000100
0001100100000001
1010111010000001
0001111100001110
0010100110101111
1010100000011111
1010000100001010
0011000000010001
0010110111001011
0010101010010000
1010100111101011
0011000011100101
1010110010010001
0010111101010110
0010110000011110
1011001010101100
1010100100011101
1010110011101111
1011000011101111
0010110101111111
1011000001101011
1010101111101000
0011000011011101
1001110011110100
1010110011110111
0010111011111111
1010111001000001
1001010001011001
1010110010110011
0010000011110101
1011010000011001
1011000111011010
1010110100010111
0010100101100101
0011000000111101
0011000001111000
0010100001110011
1010011011100111
1010111010001010
1010101110000100
0011000110111011
0010101001111111
1010110111111110
1010101001100001
0010010011110001
0010101111111000
0000111101101111
0010100100101111
1010111000010011
1011000011000000
0001111110000000
1010110001110111
1011001000011101
0010101000010011
1010110111010100
1010110011011100
1010111000010000
1010100001110000
0010110000100110
1010001001111011
1010100110011011
1010101010000110
0010100010010110
0010011101100010
1011000000110001
0010111011100101
1010111110100110
1010110110010010
1010111111001001
1010100110100110
0011000001110110
1010110100100111
0011000110000001
0010010101010011
1010011111011011
1011000100001110
1001111010011001
0010110011100101
1010111001100101
1011000110011111
1010100001110000
1010110100101001
0010010000010000
1001111010010100
0010011010100111
0011000000100000
0010111000111100
1010100000100011
1010110011000111
0010010111001011
1010101010001000
0010110001100110
1010101011000110
0010100011010011
1011000011111000
1011000111010001
1010101110101111
1010110000010100
1010110000010101
1010010110010010
1010001101010000
1011000001001100
0010110100011001
1010110101000100
0010100100011111
0010111111010010
1010111000001001
0011000010111010
1011000000100100
0010111110111000
0010110000001011
1010100101110101
1010110011010001
1010110010100100
0010010010110001
1010111110010000
1010010110001011
1011000110010000
1001111010001111
1010110011100000
0010010010110010
1010110100011011
0010110000001001
0011000100100010
0010111101111011
0010110101110011
1011000000110101
1011000001010111
1011000100100101
1010011110100100
0010110011001011
1010110011001000
1010000011010010
1011000001100111
0011000110010111
1001110111101000
0010001011011110
1010000110010011
0010101000110101
1011000101010110
0010110000000111
0001001011001011
0010001100110110
