00000100
11111011
11111001
11111010
00000011
11111000
00001000
00000111
00000110
00001000
11111010
00000000
11111001
00001000
00000001
00000000
00001001
00010010
00001110
11110101
00001100
00000100
11101100
00000010
00000000
00000011
11110111
00010110
11111100
11111111
00001111
11101101
00001010
11101101
11111111
00001110
00000001
00000001
11111011
11111011
11110101
11111010
00001010
00001110
00000111
11111000
11111001
00001011
11111111
11011000
00001101
00001101
00001110
00000100
00000010
11111110
11111110
11111010
00000001
11111101
11111001
00000010
00000100
00000010
11110110
00010010
11101111
00010100
11101111
00001111
00000111
11110011
11110110
11111001
00001101
11110001
00001100
11110001
11110010
11111010
11111100
00000111
00001111
11110110
00000101
00000110
11111011
00000110
00000110
00000011
00000010
11101101
11111001
00000011
00000000
00000101
