1010110110100110
0001111101100011
0010111110110101
0010110110010001
0010101000000000
0010100011111001
1010100101000000
0010010010000010
0010111001110110
1011000001100101
1010011000000010
1010010100011100
0010110011111011
1010111101110011
1010111110111100
0010001111000011
0010111010011100
1010101011011101
0010111011001101
0010001111011110
1010100110000011
0011001101111011
0010110101000111
1010101100111011
0011000011100011
1011000111000100
0010110101001111
1010101110110111
0010110001001010
1010110110000110
0010110000011101
0011001010000000
0010100011001001
0010110100111010
0010010101000110
1010010101111010
0001101110001011
0001011011110010
0011000000011010
1011001000100110
0010100111110000
1010000101010010
0011001111100110
0011010110110011
1011000100000111
0011000010110100
1010101010011111
1010111000001010
0001110001010100
0010101100001101
0010111000111111
0010110100100011
0010000100111011
0011000111011010
1010000111101011
0011000001000001
0010101000110010
0010010110010101
1011010010011111
1010110101000001
0010100101110100
0010111111000111
1010111101101101
1010100010011001
1010100111110100
1010100010010110
0010100100000110
0010110101001011
1011000001001010
0011001001010110
1010011100010011
0010110100000111
0010101010111100
0010001001101100
1010101001010011
0010100010001011
1010110111000010
0010011010111000
1011001011101010
0001100000110110
1010110001001101
0010111001001001
0001010011101011
0010110101001001
1010100101110100
0011010001010101
0010111110010111
0010010101111000
0010000100101011
1011010010011010
1010101000110001
1001100100100100
0011000010010101
1010111111011101
0001111001000111
0010111100100111
0011000111111100
0010001101110100
1010100000100100
1010101010110110
0010111000110011
0010110000101010
1010111001111101
1011010110111100
0011000100001011
1010110101111111
0011001111011110
0011011010110100
1010010010100000
0010111100111001
0010110011001110
0010010010000000
0001111010100000
0001111010010000
1010110011001001
0010101111111000
1010111110011010
0011010011010100
1001110101000101
1010011100110100
1010110101100111
1010111110110000
1011100001101111
1010100001011010
1010011001000011
1010100111011000
1010001101110010
0010011101101010
1010000010101101
0010110010110010
0010100011001001
0010110101100011
1011000001011100
0011001000001010
0011000001000100
1010010100000011
0010110100110110
1011000010100001
1011001011011011
0010111011000110
1011000001000001
1010110101101001
1011011001011111
0010100011101000
1010001111001011
0010110101010000
0010101101001010
0010101101110001
0010010001101111
0011010111110111
0011001010010101
1010101101011111
0011000000101011
1011001111000001
0010110111111000
0010100011011111
1010111011110100
1011010010010110
0010110110011011
0010111101111101
0011000101110110
0010101100001010
1010111100101111
1011000000111010
1010001111100001
0010111110010010
0010011100010101
1011100010000110
0010001110110111
1010011000101101
0010111010101000
0011010111000001
1011000001111000
0010110000110000
0010111011011100
0010111011101001
1010011000001011
1011000011001111
0011000000011001
0010111111000000
0010010110000100
0011010100101100
1010110011000111
1010111010100000
1010100000101000
0010010101000101
1011011101100010
0011000000000010
1010100101010101
1010100101000111
1001111101100000
0010111111000011
1010110010010110
1010010000100011
1010111110100001
1010111100010111
1010110111011110
0011000110111111
1010010110100110
0010100100000000
1010100101101001
0010110000110001
1010111111111011
1001111000111101
0010110110010101
0010110110000100
1011010100010100
0010011000111111
1001101100100110
0010111010011011
1010100110001101
0010111100101101
1001110110110011
0011011001101010
0010101001000011
0010110100110100
1010011011100101
1011001110000100
0010111101110010
0010100100010011
1010111101000101
1011000000001000
0011000010011001
0010111111000000
1010011010110101
0010100100111101
1010111110100111
1010100001101100
0010010011001001
1010110001000011
1010001100111111
1011100000010000
1010011011111100
0011000000001001
0010111001100110
0011100000101101
1011000110011010
0010101010001111
0010111111001101
1010110100111011
0011000001101110
1010010111001111
1010110100010011
0010110101110110
1010110110101011
0011010011011100
0010110000100011
0010111100100111
0010110000100001
0010100001010011
1011100100100011
0010110110101100
1010101111011001
0011000001000101
0010101111001100
0010101000011110
1010111010011010
1010110110111111
0010110010011011
0010101000110000
0011000000110110
1011010011101010
1010111100110000
0010111011101111
1010011110011111
1010110100110000
0010110101100101
0010100000001110
1010100011111001
1010110011100111
0011010010101011
0010110110010100
0010110011100110
1011000000100110
0010011010101100
1010000100101000
0010101010000111
1011011000010111
1011000010100000
0010001010000110
1011000000000011
0011000110111011
0010001011110011
1010100110011101
1011000000101011
0011010011100000
1011001010110010
1010110011010110
1011000001001100
1010111101001011
0011000000111001
1010100010101000
0010011010001000
0010101110000111
1010100101000011
0011011010001001
1011000110010001
1010010000100010
1011000010110000
1011011100101101
0010101000100110
1010000100111101
1010100100100000
1010110010000001
1010010011110110
0010100100010100
1010010001000110
0010011010011000
1010011001100111
1011011001100101
1010010001101001
1010010001100010
1010110101100111
1010101110111010
0011100001111101
1010011101100101
1011000000011010
1010110001010001
1010111111010110
1010001010000101
0010110111100101
1011000000011011
1001111110010111
0010001111001000
0010110101100001
1011000001101010
1010110010100010
0010110110010110
0001111010100100
1010110011110100
0010101011011100
0010111110000101
1001100110100001
1010010101111010
0011000100011010
1001101011000101
1010100101000111
0010100110011000
1010101111111010
0011000001000011
0001110111100110
1011000101001111
1010110010010101
0010011001111011
0001110100111000
0011010011110000
1010111010000011
1001111010001000
0010111100000000
0010111000111111
0010000110000000
1010111010110000
0001111101110001
1011000001111010
0010110100110101
0001111101111000
0010011010101011
1010111010110101
0010110101111010
0011010101001111
1010110110101010
0010100100001011
1011000011011110
1011100000101110
0010111100100101
1011000010001011
1010100001110000
1010110011011010
1010000101100001
0010111101111011
0010100010010000
1010011010011001
0010010110110111
1011001110010001
1011000001010000
0001010101110001
0010111011010011
0010010111001100
0011100001001011
1010010111110000
0010100001000011
1011000000011010
1001111100001110
1010000011001101
0010011100101010
0010100101011100
0001110100101101
1010110111101001
0010110100100111
1011001110010111
0010011110100110
0010010010001000
1010111100110101
0010111110101011
0010111011010100
0010110110011010
1010100011000011
0010010001110000
0011010100111100
0010010111111001
1010100100011110
0010110110111001
1010010011100000
1010010110010010
1010111101001111
1011010100010000
0001100111111000
1010100100111110
1011001010011101
0011010000101011
0010101101101000
1010100000000010
1011000001100111
0010111011011011
1010110001111001
1011000110111100
1001011101100111
1011000011101110
0010111000000100
1010101000011101
0010111110011101
1011000000001011
0010101011001001
0011010101101001
1010110000001110
1010101001011101
1011000111110101
1011100001000101
0011000010010100
0010000101001011
1011000101010111
0010101110100110
0010010111110000
1010100100110110
1010110010001111
1010101111000000
0010111011011001
1011011000010010
0010110001011110
0010100000000101
0010111011001110
0010010100000110
0011100001000100
1010101010110100
0010000110100001
1010010010101011
0001111111001101
1011001001000010
0010101100101001
1011000100010100
1010111110010111
0010110111111100
0010110110100100
1010111111011100
1010110001000100
1010011000111000
1010011110011100
0010111011100111
0010110100101100
1010011011110110
1010110000101000
0001111000110001
0011000100001100
0010101001000001
1010111000001001
0001110100101110
0010111001101011
1010111000111000
1010100101100010
1011010111100011
1010111100011000
0001110110111100
1010110100100101
0011001001010010
0010110000110000
0010001101101110
1011000000000001
0010110010010000
1010111000001001
1011001100011101
1010111000111100
0001010110000010
0010110110001101
0010111110010101
0010110110000001
1010110101001010
1010111110001000
0011010100100101
1010101111000101
1010110010010010
1010111110001111
1011011000110110
0001010010001100
1011000000001000
1010111101011101
1001111000010110
1010110010111010
1010101010001110
1010110001101110
1010110011011110
0010111000011110
1011010010011001
1010001010011110
1010111001110011
1010100100101101
0001110000001010
0011100100101101
1011000001000100
0010001011010100
1010110110101010
1010000100000001
1010110011110000
0010111101110010
1001001001100111
1010111110010001
0010000010010000
0010000001001001
1011001111011001
0010011110011101
0001110101010110
1010111111010000
1010111010111100
0011001001100011
1010110010011101
0010100010001010
1010111101010011
0011001000101110
0010110111000001
1010100101011101
0001010010110110
0010110110100000
0010010000101011
0010001011101110
1011010111110110
1011001010111010
1010110000110001
1010110010000010
0011001000111010
0010011000100100
1010001001001101
1010110100111001
0011000101011111
0001100101100010
1010010111100110
1011000101101110
1011001001011000
1010111010011011
1010110001000101
0010101101100000
0010111010100001
0010110011110010
0011011011011101
0010011111101010
0010110111110010
1010110011011101
1011011010001000
0010101111001100
1010110010101100
1011000100010101
1010100111100010
1010010011101000
0011000110001101
0010010110001001
1010110101011100
0010000011001001
1011001111011011
1011000101000101
0010100011101110
0011000000010001
0010111101101011
0011100000111000
1010100011100000
0010001111010000
1011000001110000
0010110010001011
1011000010100000
1010110010111000
1010100110110101
1010101101101100
1010111100110001
1010111011110010
0010110110001111
0011000101000100
0010101101011011
1010100011101110
1010110000111000
1010111000110011
0010110010101010
0010101110001011
0010110010101000
1011010110011000
1010110111111110
1010111100110011
1010000010010110
1010111000010100
0010110100001011
0010100110000010
0011000101000100
0011000011011000
1010011111101110
0010101001100011
1011010000100011
1001101011011111
1010111010110001
0010110100111001
1011001101111001
0011001000010001
0010000111111110
0011000010001010
0010011010001111
0010101011001000
0010100000110010
0010001010111110
0010111001000110
0010111111011101
1011100001000110
0001100100100101
0010101100001001
0011010001100101
0011100000101000
0010001110110010
1010010100000101
1010100010011011
0010101111110001
1010100111010010
1010100100101001
0001110101010000
0010100101101101
1010111100101111
0011010001000111
0010111101110010
0010010111110110
0010111010011111
1011000000000001
1011011111011101
0010010010000001
1010111100001111
0010011101011010
0010110100011001
0010110001101000
1010111010110101
1010110110111001
0010110100101100
0010101010000110
0010101111001001
1011001010000011
0010010000100011
1010110100011110
1010110101101101
0010000110101000
0010111100000000
1010111010000100
0010110010010000
1010101110100011
0011010001010111
0010110001000000
1010111010001010
0010000010100100
1010101000111100
0001010001101001
1010100100100001
1011011010011011
1011000101000110
0001110111011110
1010111000011011
0011010111111011
1010111001000111
1010111100000100
0010111010000110
0010111100011000
1011001011001101
1011000011010111
0010100100101000
1010100001000110
0011000001110000
0010111010010110
1010111100111110
0010110000011101
1010110100100101
0011010101011100
1010111010001000
0010111010000101
1011000111011101
1011010110111110
1001100111010111
1010011000011100
0010110100100000
1010010001111001
1011000001010001
0010111101101010
0010111001011001
0010111000011100
0010101101011110
1011011000000010
0010011110101111
1010111011100010
0010001101010011
0010101001011110
0011011111010111
0010011010011000
1010100110100011
1001111001101110
1010111001111010
1010111000101001
0010110001000100
0010100110110100
1010100110000010
1010111111110101
0010111110100010
1011010000111110
1010111000111001
0010100011000100
0010000101000101
0010010100111010
0011001010000010
1010100010000000
0010100101100001
0010111001111101
0011000110011000
0010101010100001
1010111100001110
0010111000110000
1010011110011100
0010101000111011
1010101101101111
1011010001110001
1010101000001101
1010110000110011
1010111001000011
0011010110001100
1010101011011010
0010010010000100
1010010010100100
0011010110111010
1010000110001010
0001110001001100
1011001001010100
1001111100100111
0010011101010101
0010111010100010
0010111011001000
1010110110100001
0010011010100100
0011100010111100
1010110010111010
1010101011101011
1010111011011111
1011100000110110
0010111001100110
1010100010100100
0010010001101011
1010111000111101
0010100001001001
1010100100111101
1010111101010000
1010100111100111
1001111010100011
1011011011001101
1011000111010111
0010000010011110
0010001000110010
1010101101010001
0011100010010000
1010110001110010
1010111000100011
1010111100011111
1010010111111100
1010100110001111
0010110000100110
0001010000101000
1010000000001000
0010111010111111
0010100100011100
0011001111100111
1010101010100010
0010100110000001
0010010110010101
1010111011110000
1011000110100110
1010111110100010
1010101100101000
1010100010101110
1011010000010001
0010110111110011
0010110101111101
1010110010111111
1010101000101001
1010100100010010
1010010100111010
0011001100000110
0011000100111110
0010111100101001
0011000111001100
1011001010011011
0010101110110101
1010000001110011
1001101111000100
1011000101100100
0010100000001011
0011000010000000
1010101000000001
0011001100010100
0010000010011000
0010110000110000
0000111100000010
1001100111001110
1010100000011101
1011100001100110
0011000001101000
0010100010110011
0011000110111101
0011011001000000
0010101110001100
0010000011110100
0010010001110110
0010111110011101
0010001011010011
0010010010111100
1010010101111010
0001110011000011
0010101110101100
0011011100111110
1010100101101111
1010111000111101
1010111001010000
0010011001000100
1011100000010111
1010000111101101
0001101110001100
1010110010100110
1010110111111011
0010110010100000
1010101010000010
1011000011010110
0010110010100000
1010001000101010
0010100101100111
1011010001010010
1011000000001001
1010110010011000
1001010101101111
0001100010101001
0010100000001000
1010111010111111
1010001001100001
0010111001001111
0011011000111100
1010100111001010
0010110011111000
0010101011101001
1010100000100001
1010110110001011
0010111011011011
1011010001110101
1001100010100001
1010000110110001
1011000011100110
0011010010010111
1010000100011010
0010101101010001
0010011010100101
0011001110011001
1011000101001010
0000101111100000
1010101001100101
1010011111001110
1010110011100001
1010010100111100
0010011101010001
1010111010110001
1010110100010011
0011100001011100
1010100011111001
1010011001111000
1010111101001110
1011011011110011
0010110011101011
1010101110100001
0010011110111010
1010100110001000
1010111101001111
1010100111100010
0010101011011011
0010110110100011
0011000001010100
1011010110101001
1011000001011111
1010010010001010
1010100011000100
0010101111100100
0011100011101010
1010111100101100
0010110011001100
0010111000001110
1010111101001010
1011000011010000
0010111100101000
1010011110111010
1010111001101111
1010011000110000
0010110010000000
0011001001111011
0011000010111101
0010101011101010
0010111011100000
1010111010101011
1010111010000110
1010100000101001
0010110001111100
1010100110111111
1011010001110111
1010001011010010
0010111000111001
1010010010101001
0010011000001001
1010110111011101
1010010110101010
0011000110000100
0011000100011001
1010110011010000
0010111011010001
1011011001000111
0010100011010110
0010110100001001
0010100000110011
1010111111000100
0010111111101000
0011000010001000
0011000110000100
0010100000110010
0010101010101101
1010011000101011
0010110100010011
1010011011000101
1010001110110100
1011011110000010
0011000000110110
0010101010011111
0011010001110011
0011011101111110
1010110011000011
0010110111101000
0010111100100101
1010000110000101
1010110001111001
0010011100110011
1010111000111001
0010100111011001
1010110101111100
0011010000000110
1001111011110001
0010101000101010
0010001111110101
0010001100100111
1011011011100000
0010111101001011
0010111010101010
0010101110110101
1001111010000011
0010111011101100
1010110111000001
0001101101100110
1010111001011000
0010110000111100
1010110100000111
1011001000110010
1011001000000000
1010110000001000
1010110011001010
0010111011011001
0010100010000001
0010100100101000
0010111101111001
1010111110101011
0011010011101000
0010110110011011
0010001011101100
1010110011100001
0010111011000110
1010110111111111
0010110011001011
1011011000000011
1010111011110010
0010110111100010
1011000010001000
0011001000110010
1010110100101110
0010010010101110
0010100011000101
0011001001010101
1010111100011010
1010010001110101
1011000001011100
1010111110010000
0011000001011000
0001100111100000
1010110001011001
0010110001000100
0010010101010000
0011011100110011
1010111000100010
1010100001100110
1011010011110111
1011011101001011
0010110010000010
1010110011011101
0010101000011011
0010101011100111
0010110010111000
1010011011110000
1010100100011110
0010101001010111
0011000000110101
1011001110110001
0010100001011001
1011000010000101
0001011111110100
0010100110001101
0011100011011111
1011000001111110
0010110000010011
0010111000111011
1001111001010100
1010100111101010
1001110000111011
1010100011101100
1001011111110001
0010000100111011
1010111001010011
0011001010011110
1010100101010101
0010110000010011
0011000010100001
1010111010101000
1010111111011011
0010110110111111
1001110000111001
1010110011110111
1011001110010100
1010100010100001
1010111110011011
0010100111101101
1010010001001101
0010111010010101
1010110111011100
0011010001000010
0011001000000010
1010100110001111
0010110001111001
1011000010101001
0010111010000101
1010110110000001
0010011010101101
1011010000101010
1010001101101011
0011000001010011
1010000010111001
0010101010110111
1010111000111110
1010110000000101
0010011111100111
1010100100001000
0010111100000100
1011010101100000
0010110011011001
1010010011100001
0010111100100111
0011100000100101
1010110001000100
0011000100000101
1010100010111011
1010000111000111
0001110010101110
1011000101000100
1010100101100001
0010001101111111
1001111001100100
0011011000101000
0010111110111001
1010110011110111
1010000001011010
0010111010000110
1011100100000000
0011000000010011
0010000000100100
1010101010000011
1010110100101111
0010110111011000
0010111000011111
1010110000100001
1010100001000100
0010101010101001
1010110111110011
0011001010100001
0011000110001010
1010010100111111
1010001000000010
1010000111100111
0010000111000000
0010110100111100
1001111101010110
1010100110000100
1011001000011010
1010110111101111
0010110110010100
0010110011101100
0010100100001110
0010110011011101
0010100010111000
0011010111011110
0011001000111111
0010010010100001
1010001100010011
1011011000000000
0010111101010010
0001100001110110
0010001100011001
1010110010111100
0010101110000100
0011000110011010
0010011111000101
0010111110111111
0010110010000000
1010110011000010
1010111000001110
1010111110001001
1010110100101101
1011011111111110
0010100111010000
1010100001110011
0011010011011100
0011010101100101
1010110100111011
0011000011111101
0010110011011111
1010100000101111
0010000011001111
1010110101111100
0010110101000101
1010101001010100
0010001001101111
0011010010100100
0010111111000101
0010010001001001
1010100111011110
0010101001110110
1011011111011101
1010110010000011
0010111010010100
1010010001010011
1010100100001010
0011001000101101
1010100000110001
1001110000100101
0010111000011000
1010001010010100
0011000001001011
1011010001001100
1011000000101001
1010110010010000
1011000001011001
1010101111000110
0010110001011001
1010110110100001
0001100100011101
0010110011010001
0011001110110010
1010110101111010
0010010011100101
0001111000110110
0010110101001110
0010100000110011
1010100011011101
1011001101101110
0001110011010001
1011000000100101
1010100001011000
0011010101011011
1011000001110100
0010111101001111
0010010101001110
0011010011110101
1011001000100000
1010110100010001
1010101000001001
1011000100110111
0010110110101001
0010110110010000
1010111010100011
1010010110010110
0010110100110111
0011010110111110
1010110000110100
0010101010101001
1011001111010010
1011100001111001
0011000001010001
1010110111000101
0010101110110011
0010111001010100
1010101011111010
0011000100111000
1010111011110001
0010101101011111
0010010100011100
1011011110010100
0010101101001101
1010111101110111
1010100110110100
0011000000010101
0011100000100011
0010010000000111
1010111000100110
1010110110011010
0010110011010100
1010111100111100
1010011100111000
0010100111110101
0010111000010011
1010101101101100
0011000000011110
1010100100011100
0010001101100100
0011000000100000
1011000010101001
1010101101000010
0010101100100000
0010010111011001
1010101011110100
1010111100000010
0011010001111101
1010001001001110
0010010100011001
1010111100111100
0010100100010100
0010110100011110
1010110011110100
1011001001111001
1010110110001110
0001111011001100
1011000100010000
0011001010101110
0010110101010101
0010100001010110
0001011010011110
0011010001000101
1010110000111001
1010101101010100
1010110000001000
1011000110010111
0010100001100001
0010000101000010
1010111011111111
1010110010000001
1010100010001101
0011100001110010
1010100001101110
0010110111011100
1011001000100100
1011010101110100
0011000000001110
1011000001110000
1011000000000100
0010101011000000
1010110010101100
0010110101000010
0010101111110010
0001101011001110
0001001100010011
1011010101010100
0010101011110010
1010110001001111
0010110011101110
0010110011000110
0011011110110000
0001110011110110
0010111100011101
0010110111000011
0010110111011111
1010111100100111
0010111010101001
1010101011001100
1010100110010101
0010110000100101
1010101010110110
0010111000110000
0010110101110010
1010101010111100
0011000100111011
1010111111111100
1010101000000101
0001111010111101
1010101110111001
0010111100001011
1011010010001010
0010111010011001
1010111101000101
1010111011101101
1010110011000010
0010100100101000
1010010111000111
0011010110101100
0011000100110100
0010111100011000
1001101000101011
1011010011001110
1000000011110001
1010011100101110
1010001010000101
1011010010010011
0010011001110011
0001010010001111
0011000101110001
0011000010101000
0010010001101001
1001111100110101
0010100010110001
1010110011111111
0010110000101000
1011100010110101
0010011101010011
1010001100110000
0010111000010010
0011100011000111
1010110110001110
1010110011000111
0011000100101111
0010101000000001
0010111010011000
1011000010100100
1010101101111010
0010101101110110
1010110010010101
0011010100001010
0010110101000111
1010110000000001
0010000100111011
1010000010001101
1011011100111000
0010101000010100
0010111010111111
0010110010011111
0010111011010100
0010101010010101
0011000000000101
1010111000000101
0010111100100000
0010100001001011
1001101101010110
1010110110001100
0010100010010101
1010111100101111
0001101010011110
0011000000100110
1010010101001110
0010001101010101
1010101101010000
0010111111011011
0011010001100000
1010100011000111
0010111010110101
0010011101111101
0010101100001000
1010011001101011
0010000011000101
1011010010110011
1010110000111010
1010110101010000
1010010001100110
0011010011111000
0010000101001110
0010001101011101
0001010100100010
0011000001100101
1010110010101110
1010100100101110
1010101010111010
1011001001101111
0010000010100101
0010100010010011
0010111001111000
0001110001001100
0010111101001111
0011011000011100
1010110101011011
1001111110011001
1010110110010101
1011011001100111
0010100000111111
1010110000010000
1011000001000110
1010110010111010
0010101110101110
0010100111000101
1010110011100110
1010101001110111
0010110101000001
1011011100011011
0010100000111001
1010111000111100
1010111001110101
1010110001110011
0011100010010001
0010110111101101
0001110111001000
0010101000111010
0010101100011001
1011001000000001
1010110110001101
1010011010011111
1001101111100111
1010110010101111
1010111001001010
1011000001000111
1010100101011001
0010110101000101
1010010111011000
0011000001111110
1010011110100010
1010100110010010
0010111001010010
1010010011100000
0011001001100111
1010111100110101
1010111101000110
0010100011001101
0010111001101010
0000110111000011
0010100010011010
1011011000111001
0010011000011011
1010111001111110
1010010011101001
0011010100110101
1010111111111000
0010110000100110
0010101101100101
0011010001111010
1010110010110010
1010111100001100
0001111100100111
1010011011101111
1010110011010000
0001101110001001
0010111001001101
1010010010011101
0010100001101001
0011011011010110
0010001111000101
1010100100001000
1011010010100010
1011010101001001
0010110010100011
1010110110001111
1010000001000110
0010110110000100
0010111001101001
1010100111111010
1010111001000100
1010100000000101
0010010011011011
1011010101011010
1010110100100000
1010110001001000
0010101101010000
0010110100101100
0011100010000001
1010011010011011
0010111111100101
1010110001011010
1001100101011110
1010011000011100
0010011110000100
0010110000011100
0010001100101110
1001110010000100
1010110000100100
1011000011001101
1001111000000010
1010110001101010
1010000010001011
1010110100111100
0010101110000001
1010110110101000
0010001011011101
1001000001100000
0011011000100111
1010111011111001
0010100101001001
1010111101011010
0010111101100101
0010101110110010
0010001111001010
1011010011000000
1010111111111010
1010001110101111
1010011011100010
0011000111010011
0010101111111001
1010110111011001
0010101111011111
0011001111011011
0010001011111110
1010101100000001
1010101100111010
1011001000001010
1010101000011110
1010110011010101
1010101001100100
0010011101101101
0010110110100110
0011100001100111
1010111101001011
0010110001100011
1011010011100100
1011011001010001
0001001011010101
0010100100000001
1010111001110111
0010101001011010
1010100001000110
0010111011100110
0010110111000010
1010100110110001
1010100110011100
1011001100011100
1010110111011100
1010100001010010
0010010000101111
0010110000101011
0011100010110001
0010101110010101
1010111011111001
1011000010110101
0010110001011101
1010000001101100
0010101011000001
0010111111100010
0010011010011111
1010101110000110
1010111101110000
0011010001001101
1010100101110011
1010101101010010
0010110001100001
1011000010001010
1010111101001010
1010100011111110
1010111000011001
0010110100010100
1011011000100011
0010111001010101
1010100111001110
0010100110001001
1010101101001001
1010101110110001
0010111101110100
0011010011000101
1010000001101001
0010011101010001
1010001100010001
1011010001011101
1010110000101011
0010110101111100
1010101100101100
1011000010010101
0001111011011111
0010110100001111
0010110110001110
1010011101010011
1010111011110110
1010100011001011
1010110011100111
0010100101000010
0010111101100010
1011010110001001
0010111100000101
0011000000011100
0011010011111011
0011011001000010
1010010101110110
0011000101110011
1010011001001010
0010101011111110
1010110100100000
0010100000110100
0010110111011111
1010111010000001
0010101100111010
0011011001100100
0010101000110110
0010111100000011
1010011111100100
1010000110100101
1011011111101010
1010101011011011
1010110011111100
0010111011000001
1010010101101011
0011000010101011
1010111100110110
0010111100001011
0011000000111111
0010010111001111
1010110010011100
0001101011011010
0010010000011110
1010100000001111
0011000100101011
0010101010110011
1010100111001101
0001111101100001
1010001001001000
1010101110001011
1011001010100110
0010110111010101
0010011001001010
1010110110101100
0010000010111110
1010011000101001
0010111000110101
0011011001100010
0010101010110011
0010011001101110
0010111100010111
1011010100100110
1010101111000111
1010111001101000
0010011101010111
1010100110100110
0010111001110011
0011000000101010
1010010101100100
0010010001000110
1010100001011001
1010110101011001
0010010111001110
1010101010000111
0010110100110001
1011010011001111
0010011110110110
1010110101010011
0011001010001110
0011011000001101
1010010010101111
0011000011101000
1001101010100011
1010101111111011
1010110101100000
1010101000101111
0001110001011001
1010000011000100
1010110000000000
0011010001010100
0010110010000111
0010000100111110
1010011101011100
0010100011010101
1011011010111101
1010000010011010
1010010101101011
0010110001011011
1010101101111001
0010111010100111
0010111000011110
0010101011111001
0001011011001110
0010110101001110
0010110111110111
1011010000101011
1010000001111010
0010010010011001
1010100111100010
1010100100001000
0010111000001100
1010001110010000
1010110001011001
0010011100100111
0011001101111110
1010011101110011
0010110110111010
0010100000011001
0010111001101100
0010110010110011
1010100101011110
1011001100011100
0010010101010110
0010111000100100
1010110101111000
0011010101000010
0010101100011001
0010010000100111
1001110101101101
0011000111110110
1010100000000110
1011000101011010
0010010010100010
1010110001011111
0010110110000001
0010011111100101
1010111001000100
1010101001001011
1010101111000000
0011010100111111
0001101110000100
1010101100000000
1011000000101011
1011100001000001
1010110010101011
1010111100110011
1010000110100110
1001110110011000
0010101110010101
0010011110110001
0001101011110101
0010111001000110
0010110111110010
1011010011110111
1011000100100010
1010111101010011
1010110001001110
1010110111110101
0011100001110110
1010101101110010
1010010111101110
0010101111110100
0010111001101011
1011000110100101
0001010001110000
0010110001011111
1010101001010101
1001110011100111
0010111000010001
1011000010111000
0010000101010101
1010100000101100
1011000001011100
0010101100100010
0011000001100101
0010101011110011
1010110100000110
1010111001011010
0011010010010000
1010111000010000
0010011111101001
0010110111011100
1010101000011111
0010010001011001
1010100100111111
1011001000011100
1010111101010001
1010110110100011
1010101010010101
0011010000000000
1010111010100101
0010100011000010
1010111110000000
0010111001011011
1010101100000111
1011000011011110
1010100010111110
1010110000110010
1010101110001101
1010001001010101
1010100101011110
1010110000010111
1010111011001001
0011011111001101
0010001110101110
0010110000010001
1011010010101111
1011011010011001
0011000001100111
1011000000111100
1011000001100111
0010101110000111
1010111101101100
1010101011010011
0010110010111111
1010110100110100
0011000001010110
1011011000010011
0010110000111011
1001001101001011
0010110100001011
1010001111011000
0011100011111010
0010100000101100
1010111110100011
0010100011111001
0010111100000001
1010110110101000
1010101011011000
1010100001101011
0010110000111001
1010010111001110
1010011101101111
1010110000000010
1010111110000001
0010111111101111
1011000010110100
0011000001101111
0001110001111010
0010111000000100
1010100011110100
1010111100010100
0011010010110100
1011000000100101
1010111111001101
0010100101100011
0010110010110001
1010000111001101
1010101101100101
1011001110010110
1011000001010010
0010100011011000
1010100011100101
0011010001100011
1010110010111110
1010110011000010
0010010101100111
0011000010000001
1010001001101111
1011000001000111
1010101101000011
1010000011101001
0010101100010100
0010010111101000
1010000001110010
0010111100101011
1010010000101110
0011100000101111
1011000111100111
0010110101001110
1010110000110100
1011011101000010
0010101101000100
1010111011100111
1011000011001001
1011000001010111
0010101011100100
1010101101110100
1011000000001101
0010100101000101
0010110110101100
1011011000001001
0010101110100111
1010001011111001
1010110110110011
0001000101010010
0011100000100001
1010100001111001
0010001101011100
1010100100000001
0010111011011101
1011001001010011
0010110111110100
1011000000010000
0010111101111111
0010100011101101
0010000110100110
1010110011010110
1011000110000010
1001111001111101
1010110000010100
0010010011101011
0010100101011111
0010100011011100
0001000101100111
0010100011000100
0011010100100000
0010001001000011
1010110101110111
1010000011001001
1010111000010110
1010011001011011
0010101001101000
1011000100010000
1010110100000100
0001101000111001
1011000110010110
0011010110001100
1010100101010001
0010111000000111
1010111010110001
0011010010101110
1011001010101010
1011001010111110
1010011110011000
1010110001110010
0010111101100100
0010110110010000
1010111101000011
0010100010001101
1010101101101100
0011011101001010
0010100100000100
0010111001111110
1011010011011110
1011011010111011
1010010100000100
0010011000101010
1010110001101111
0010101010010111
1010110101111111
1010010111011100
0010100110011001
0010111001011011
0010011011001111
1011010001011010
1010110101010111
1010101001101111
1010110010010011
0010110100110011
0011100010000000
1010011100011011
0010100010010011
0010011110100101
0010101110101011
1010111010010000
1010110111110100
0010101110010011
1001111011000011
0010111000110111
0010101001001011
0011000111111100
0010111001110111
0010110100010000
0010001011100000
1010110000110010
1011001001001111
0010001000110110
0010110001001111
0010110011101001
1011010001001100
1010100101011001
0010100001001100
1001100110011101
1010111010010001
1010111100011011
0010111111011110
0011010000000111
0011000010011010
0010110101111001
0010110100001000
1011010001011010
0010111101000101
1010101101100100
0010100100101000
1011001001100110
0010101110101011
0010110001100011
0010110011000110
0011000011000111
0010110001001111
0010111011111111
1010101100100110
0010101111010011
1010100100100001
1011010110111110
1010010111000011
0001001111011101
0011001000011010
0011100000001000
1011000011011011
0011000101110011
1010011101000011
0010111110000101
0010001100101011
0010100011111101
1010101010101110
0010110101010000
1010110111000011
0011010001111001
0010100001011001
1010011101001000
1010110101101101
1010000110110110
1011100010010101
1010101100100000
0010010011011101
0010101110011110
1010100011001111
0010100110100011
1001001100111101
1010000101011100
0010111111111110
0011000000110001
1010010000110111
0010110011001111
0011000000011110
1011000001000000
0010000100111101
1010110000110001
1010110111000111
1010101000001101
0010101011110100
1010101001010000
1011011100001011
1010110100000011
1010111110101010
0010110000010101
0010110101101100
1010110000110101
1010111001011100
0011010110000001
0011000101000110
1010111100010011
1001111000011111
1011010000010110
0010100000001010
1010110010010000
0010100010000101
1011010001011110
0010000010000010
0010011100101100
0010001101110111
1001100001100000
1010111101000110
0010111011001000
1010100110010110
0010101110010100
1010101000000000
1011100010110001
0001100011001010
1010111010010001
0011000000100010
0011011100011111
1010111001110000
0010101001011011
0010110001100101
0010011010001011
1010101000011101
1010100110000011
1010100111101000
0010111010011111
0010010101011101
0011010111010000
1010010100000010
0010100010100001
0010010011101001
1010111111111111
1011100000110010
0010110111001101
1010111100100101
0010110000001101
0010101110110001
0011001111110010
1010111100100000
1010100100001000
0001110111000101
1010101001010001
1010111001000001
0001110111001100
0010101000100011
0001110111101100
0010110000001101
1010011001010001
1011000101000000
1010110001010000
1010111010011101
1010111010010110
1011001011110100
0010111010010111
0010010101110110
0010100000000100
0010011110011001
1010100000000001
1010110000111101
0011010101011101
0011001000001100
0010101111111010
1001110110001011
1011000011111000
1001101100111110
1010100000010100
0010110001100110
1010110111011001
0010110001110101
0010101001111010
1010100101010001
0010110110010001
0001011101110110
1010101000011000
0010100111111111
1010111000010111
1010010001101000
1011011010100010
0011000110011000
1001011100100011
0011001010011101
0011011001111011
1011000011110011
1010101001100010
0011000100010001
1010011100100111
1010110100000001
1010100111010001
0010101100011001
1010000010001001
1010100000000000
0011010100001010
0010101001011000
1010100111010101
1010111101001101
1010011011101101
1011011011000001
0010110100101011
1010100011011101
0010101111011010
1010100110001100
0011001001010011
1010111000111110
1010101111110011
1010101000110111
0010101011100101
0010111001011001
0011000100000101
0010010000101100
1010110110011010
0010111100011010
1010100011001011
1010011000100100
0010100010000011
1010111000101111
0010111001011101
1011001101001010
1010110011101011
1010100111010001
0010111101100100
1010110000100100
0010111001110001
1010100101010110
0011010011001110
0010110110010100
0010111001001001
1010011000000010
1011010000101000
0010110011001001
1010111101100100
1010011111011010
1011001000001011
0010010001110111
0010111100101010
0010000011000001
0010101111001111
1010111111111101
1010100111000000
1010110111001100
1010110100110001
1010111010010101
1011011100001100
0010110011110101
1010110001110010
0010111111000011
0011011010100111
1001000111001000
0010110010011010
0010110100011010
1010101011000110
0010111000111011
1010010111011101
1010100000011011
1010110101001101
0010110011111001
0011011101111100
0010110001001100
0010110010111010
1010111110101101
1010111010010100
1011011101010100
1010100010100111
0010101111011010
0010100111001100
0010111000100100
0011000011110101
1010110001101110
0011000000011110
1010001011000000
0010100110100001
1010110111100011
1010111110101011
0010110111000011
1010110111101111
0010110000010000
0010010101010110
1011001001100010
0010100101010111
0010110000010001
1010111000011111
1010110101110011
0010101000001110
0010011101101100
0010100111111010
1010010100101011
1010100010101110
1010100101001101
0011001100001100
0010010111111000
0010100000101011
0001101011110110
1010100110100101
1010010000110110
0001111000011101
0010111010010110
0011010010000011
0011000001001010
0011001000101001
1010101100000101
0011000000100100
1010111000000111
1010110110011101
1010100011011000
1010010010000110
1010100010111111
1011000111010010
0011000111110001
0010110100101110
0011000010101001
1011000100110000
0010111000100100
0010110110001011
0010100100001101
0010100000111010
1010110001010101
1010011011010110
0010011110101111
1010110011011010
0010000001101010
0011000111111010
1010101000111110
0010110010010111
0010000101101100
1010010100100011
1010110010101110
1010111001111001
1010101110110011
1010100001011101
0010110001001100
0010010110110000
0010111101011101
1011000001100111
1001101010110100
1010110110001010
0011000010010001
1011001100110010
1010111001111000
0010111101110010
1010100110110111
0010111110110100
0010001100110111
1010111101000000
1010111011110000
1010010001001000
0011010111111100
1010111000000011
1010111001001011
0010101010100000
0010111000100100
0010111110011110
1010000001011010
1011001001001101
1010110110101001
0001101101110011
1010100100010101
0011011000111101
1010110101100001
0010101101010101
1010111101010000
0011001001010010
1010111011111011
1010101111010011
1011000110011110
1010101111000100
1010110110110100
1010111000010110
1010110100110011
1010100100001110
1010111010101111
0011100000011000
1010010010101010
0010110000010100
1011010011111010
1011011000110100
0010111110010010
1010110011010001
1010101101110011
0010110110110101
0010100000110110
0010011111000010
0010100010010101
0010110110011111
0010111111010011
1011010110001101
0001101011111011
0010000011010011
1010100100110100
1010111000111100
0011011101101100
1010111110100010
0010110100110000
0010111001100001
1010000110100000
1011000000110000
0001100011000000
1011000011001001
0010001100111000
0010110101001100
1010011001101101
1011001101110010
1010110001001111
0010101110011000
1010110001101010
1010100100111001
0010010101110110
0010100100111000
1010101010111001
1001111111001010
0011010001001001
1010101000111101
1011000000110110
0010110000111110
0001110111101011
0010111111110001
1010111010010011
1011010101001101
0010001101011010
0011000000010110
1011001010011110
0011011000110110
1010000000110100
1010110000010000
1010000000101010
0011000100001010
1010111100001001
1010011110101111
1011000111010110
1000110100100011
1010110000011101
1010101011110011
0010110110000001
0010100100001101
0010010100100110
0011010111010010
0010100001100110
0010011110010011
1011010000111111
1011100001000110
0011000110101111
1011000100011011
0010001000001101
1010110110010001
1010110001101110
1010001010100001
0010011011110110
1010111000000000
0010110100100001
1011011011010111
1010101010111010
1010111010000000
0011000001010111
0010000111111010
0011100101101011
0010010001011110
0010010101110010
1010110000111111
0000111011011111
1011001000101101
1010100011011110
0010101001010010
0010100110111000
0010100101100011
0011000000010011
1011000100001111
1010101000001111
0010110100010101
0010101001110011
0011000000100110
0011001000000101
1010111101011010
0010111100111011
1010110011001000
0011010011000010
1010110100010001
1010010110010110
1010110111101100
1010101011011010
0010011111100011
0010111010011011
1011001100100001
1010111011011000
1010101111000100
1010111001000010
0011001011101010
0010100110110101
1010001111010101
0010100101111011
0011000001010100
1010100111100000
1010101101000010
1010110100111000
1011000011010101
0010100111101000
0010111111001010
1010011010100011
0010010100001011
0010101011011010
0011011101001111
1010111000011001
1010011010000111
1011000101011011
1011011110000000
1010010111100001
1010101101011011
1010100110011110
1010101110111000
1010111010111110
0010001100100000
0010010111010000
0010000000111100
1010100101001101
1011011100101011
0010100110100111
0010111001000110
1010110101010111
0011000000000000
0011100000110110
1010110100100110
1010100011101111
1011000001011110
1011000000001111
1010011111001101
0010111001110010
1010001011111100
1010111101010011
0010100100011111
1010111000110101
1010110111110011
1011000001010111
0010111000110111
1010110011000010
0011000000011000
0010110110010101
1010110000110011
1010011110110100
0010111011111101
0011010111001110
1010110000000111
1010101011110011
1010110111111011
1010111001001001
0010101001100110
0010100111111000
1011000110010110
1011000111001011
0010111110000110
1010110100110111
0011000110001110
0010110101110000
1010101110111101
1010110001101010
0011000011000101
0010000010111010
1010001100000011
0010010011111100
1011000110101011
1010011000101100
0010110001111111
0010110001100011
1010110110000111
0010101010011110
0011011000001010
1011000101001010
1010110111110001
1011000100010111
1011011001011100
0010101010001111
1011000010001111
1011000010011110
1010101111110001
1010111100110111
1010011111110101
0010100100101110
0010011101011111
1010000001100100
1011011110000110
1010100101110100
1010000101111101
0010101101111011
0010101101101000
0011011111111110
0010110100000101
0010001100111001
0010110110111110
1010110000110100
1011000000010010
0010001010110111
0011000010100110
0011000000010110
0010100101001011
0010110111110001
0010010110001101
0010011000110010
1010110110001000
1010101110100111
1010110101000111
1010110001000101
0010111101010110
0010110011001010
1010110010111010
1011010001000000
1010101001001100
0010111111011100
1010000100110011
0010110101010110
0010101101011100
1010111001111110
0011011000101011
0011001001110110
1010010100111111
0011000001000010
1011010010100001
1010111101000011
0010001001101010
0010101001101110
1011001110010010
0010111011001100
0010010010110011
0010111111010110
0011001001010000
1010101001001010
1010111011101001
0010101000111010
1010010101101011
1010110011001111
1011010110001010
0011000110001010
1010101110111100
0010111010010000
0011011100101001
1010110011101000
0010101011001001
0010011101011001
0010110100000011
0010100011010000
0010110001000000
1010110010100010
0010110101110101
1011000000000100
0011010101001001
0001111010011001
0011000001101001
0010110101101100
1011000000010111
1011100011000000
0010110100011110
0010111000111000
0010111010010011
0010111000010001
0010111101101101
0010110001001110
1010110000100101
1010100100010110
1010111010100100
0010011101101100
0010111101011001
0010100100111000
0010110111110111
1010011100110111
1010111010010101
1011000000100000
1001010001101000
1010101011010011
0010111100111111
1011010100001000
0010000011010000
0010111001000010
1010110101110101
0010110001111010
1010110010101111
0010001011011111
0011010101011010
0010111011001101
0010111000111011
0010111111101011
1011001001101010
0010111011011010
1011000001110110
1010110101101101
1011000011100001
0010110011111001
0010101000110100
1010100011111110
0011001010110100
1010110010100000
0010111010101001
1010110001001000
0010010000000101
0011000000011111
1011011011011001
0011000101000100
1010100111101111
0011001001101101
0011011000010000
1011000101110101
1010011010111110
0010111111000110
0011000000111110
0010100110010011
1010101010100011
0010101000010111
0010011101110100
1010111010000111
0011001111001010
0010011011000010
1010110010001100
1011000000100010
1010111001110101
1011100100111010
1010100111010110
1010100011010010
1010010111111101
1010101100101000
0011001011101010
1011000001011011
0010110010110000
0010111101001000
0010111000011111
1010111111011110
0011010010000000
0010100011010100
0010111000101001
0010101110110000
1010110101000101
1011000011110110
0010111110101111
1010100101010100
1001101001001100
1011010110111111
1010110100111000
0010100001111011
0010100011011111
1001110010001111
0010100110010101
0010110100010001
0011010100011111
0011001000101010
0010111001100000
0010110001110010
1011011000001001
0010111011101011
1011000001010101
0010100010001011
1011010001111000
0011000101001011
0011001011001101
0010101011011110
0011001000101101
1010111100101011
0010000101100000
0010101111000000
0001100000111101
1010010010000011
1011011011100101
1010000101110100
0010110111010110
0011010011001101
0011011100101111
1011000111100001
1010101010001010
0010011111110011
1010111100100000
0011000001111101
1010111010000110
1010110110100110
1010001111100111
1001000001111111
0011010011010001
1001110111010010
0011000010010000
1001110100010100
1010101101111001
1011011111100000
0011000001110111
0010111100010011
1010010100101000
1010001101100010
0011001000100000
0010111101001000
1010110001100101
1010111100101100
0010110101000111
1010101110110011
1010110010000101
1010100101101111
0010010010110011
1010110001000001
1010100110100011
0010111110111101
1010100111010101
1001111111000010
1010110111110111
0011011000101110
0010110011010101
1010111010110011
1010101001101111
1010101011000011
0010111100111010
0010110001101000
1011010001011101
1011001001011000
0010110010010101
1001101000011010
0011010100111100
1010111100010110
0010101101010011
0010110001110001
0010111111001110
1011000101010100
1011001101111010
1001011001000001
1010100100110011
0010000110011010
1010100111110000
1010000110001111
1010110101000110
1010100111101111
0011011101000000
1010111110010000
0010000001110110
1011001011101010
1011011001101011
1010011100100011
1011000010001011
1010111000110000
0001110011101010
1010100101001111
1010010100000101
1010111111101000
0010110000111110
0011000000100101
1011011010101001
1001110010111010
1010011101110000
0010110001011011
1010110111011100
0011100000100100
1010101101111100
0010111100010111
1010101111110110
1010100011110010
1010110010010100
0010101001101101
0010101010110010
0010110010111001
0010110111111010
1010010000111101
0011000001000111
0001100100010101
1001110001101010
1010110000011111
0010001001000101
1010111001011111
0010111010011001
1010011101111010
1010100100011000
1011011000110010
1010110100111010
1010110010000100
1010110011111000
1010110010110011
1010111101101110
0010101111100100
0011001011110101
1001011011000010
0010111100110001
0010100001100000
1011000010011100
1010111011110110
1001111001110111
0010110101000011
1011010010011100
0011000100111001
0011001111110011
0011000111101010
0010100010101111
1010110011101100
1010110110001110
1010100101000100
0010110101001000
0000000111100000
1011011010000110
0010111011101011
0010010001110111
0011000001111010
0011011100100100
1010111101001011
1001111010010011
1001110101100000
1010010111100100
1010011111101100
0010100011111111
1010001001001000
0010000101000011
0010001110101100
0011011011100011
0010001100010001
1010110111100111
1010110011011110
1010110010101001
1011100000101010
1010110110010001
0010111110011010
1010000001101110
1010111011110110
0011000011101101
0011000000100001
1011000010011100
1010010100011110
0010100101110000
0010111010001010
1011000011011100
1010100001010000
0010111110110000
0010010110101000
0010111000101011
0010101101111000
0010110011000100
0010110110101100
1010010111100110
0011010000100101
1010000010101001
1010110010010010
1010111011110100
0010010110101011
0010111010110010
1010100000111111
1011011000010001
1010110100000101
0010110110010100
1011000010011000
0011010011001101
1001111010111000
1010100000111110
1001110000001010
0010111010010001
1001110011101111
1011001100110100
1010111000010001
1011000001011001
1010110010110101
1010110000111001
0010000001010100
1010010111011101
1010110101101010
0011011101010000
1010111010101010
1010011011111001
1011000001101111
1011011100010011
1001110101100011
1010111010101000
1010001101001100
0010110111010111
0010110011110101
1010100110110011
1011000010001010
0001011110101000
0010111101110110
1011010011110011
1010011000111001
1010011101110100
0010111101011011
0010110100010010
0011011111010010
0010100000101101
0010110011000001
0010110000100001
0010110101101110
1010111010101011
0010101011110000
0001101110001010
0010010111001110
0010110011011110
0010111101100111
1010101111011110
0010010000011111
1010100010010111
1010100111011101
1010110110111101
0011000010011010
0010110010110101
0010100111111000
1010101100011111
0011000011101010
1010111011100100
1010101001001010
0010111000111101
1010100011011010
1010101111011111
0010110101101111
1011011000010111
0010011110011111
0010001001011010
1011001010000101
0011000101101011
1011000000000111
0010101000000010
1010101011100000
0011010010011111
1011001001010001
1011001001111110
1010111110011111
1010111110000111
0011000001000000
0010010110111111
1010111001101010
1010110011110000
0010101000011110
0011010101111001
1011000011101010
1010101100011111
1010110100101111
1011011110100100
0010000101000111
0010100101110000
1010111011000110
0010111011010111
1010100001100001
0010111010011111
0010110100101100
1010101010101110
1010101101001000
1011010000010011
0010110001110111
0010011111110101
0010101100111100
0010101011010011
0011100010001010
1010110101001001
0010111011100100
1010101011001110
0010100000001000
1011000011011101
0010111001010001
0010101000001110
1010110111001101
0010100100001000
0010101101110001
0011001010110011
0001010011000000
1010101001001101
1010010110101101
0010101100110110
1010110110100000
1010110000101101
1010000100000111
1010110100100100
1011010001111000
1010110001011111
0010101101111111
0010111001000001
1010110011010000
0010000111000100
1001100110001000
0011011000011001
0011000111101111
1010011110101001
0010100000010010
1011000110011110
1010111011010101
1010101001111101
0011000001011101
1011001011101011
0010001101101100
0001100111011001
1010011100101000
0010011000000011
1001010010000000
1010111101110000
0010111010011100
1001110001110010
0010101111011110
1011011000111101
1010100001011010
0011000001101101
0011000001111001
0011100000011110
0010011001100010
1010110000100111
1001110001011000
0010100111111000
0010011101011110
1010111000110100
0010110010010001
1010110101111101
1010111010101001
0011011001001110
1010101011100000
1010110001000111
0010110011110001
1010011101110001
1011100011110011
0010110100111010
0010110010101111
0010101000001011
1001111110010101
0010111010000101
0010101000001110
1010111001110100
0010110111101011
0010010100000110
1010100000000100
1010111100001100
1010100111000100
0010111111011110
1011000010010010
1010000011010111
0010001001011111
1010010111000011
1010110011110110
1010110110100010
0011001010100010
1011000001000110
0010010100111010
1010101000110111
0010011111111110
1010010001011000
1010100100100111
1011010011001011
1010110111001111
1010010111110111
1011000100100110
0011001000110001
0010110000001100
0010111000010000
0000010100110010
0011010101010110
1011000011010001
1010110100010100
1010100100111001
1011001000111001
0011000000000101
0010111110010110
0010001010110101
0010110011100100
1010100000001100
0011011100000101
1011000000000110
0010111000110111
1010111100111111
1011011111110010
0011000010001000
1001111010011111
1010110101100100
0010110111001100
1010011111001000
0010101100100111
1010110111000010
1010101000100000
1010111011011010
1011001110010010
1011000100001000
1011000000010110
0010101110010010
0010110010010100
0011100010110001
1010111010010101
0001101111111001
0010010000110001
1010111101011101
1010101001011111
0010110111111011
1010101010010000
0010110110001001
1010111011000001
1010110111101100
1010110010110000
0001100000110001
1010100001011000
0010100101100110
0001010100100110
0011001001110111
0010110101010111
1010110000001010
0010111100011001
0011001100100111
1010111011110101
0010110111111100
0010110111001100
1010111101001101
1010111000001101
0010111000001111
1011001010011001
1011000110011111
0010000110101001
1010110110010010
0011001000001100
1010000111001001
0010101000100011
1010101001000011
0011000111001101
1010101111000101
1011000011010100
1010110011000001
0001011100001000
0010110000011101
1010100111011011
1010011110000111
1010101011011010
1010000111001001
0011011001111101
1011000000001011
1010111100100111
1011010010110000
1011011101001110
0011000101010110
1010101011110011
1010001111110101
0010011001000001
1010100010111111
0010010111110000
1010110010100110
1010110100001111
1001100010111101
1011011001111100
0010101111010100
1010111011010011
1010110010011010
0010111100100011
0011100000100010
0010110011001010
0010100101011100
0010100100000001
0010100111100011
1011000111011001
0010110010000100
0010110101100010
0010110000110001
1010110110001111
1010110000100000
0011001101001100
1010011010001011
1001111010011110
0010111100010110
1010110010010000
1011000110111001
0010110100000011
0010111010101001
0011000000000101
1011000100100010
0011000000001001
1010110100010001
1010000000111011
0010110001100001
1010111101110101
0010111010010100
0011010101010110
0011001011001100
1010110110100110
1010011111100001
1011000111100111
0010110111101011
0010100010000000
1010010011111110
1010111111001101
0011001101010000
0010110001011101
1010001011011011
0011001010100111
1010111111101001
1011000000111100
0010110101000000
0010100010111101
0010101000001111
1011010111111101
0011000001110010
1010101000010001
0011010010101110
0011010101010101
0010110000101110
0011000100000000
0010111110101110
0010010001100001
1010010110100111
1010111010100101
0010101010011000
0010100111000010
0010110000110001
0011011010110010
0010111101010000
1010110100010100
0010111000001010
0001011110111101
1011011010001011
0010110111001010
1010110000000011
0010000110111100
0010011001111011
0011000110110110
0010010011001111
1010100000110010
1010110011101100
1010110011000011
1010110011001110
0010011100000101
0010100001111101
1010010111000101
0010111001010110
1010111000100001
1010111100011101
0010100000110000
0010101000101101
0010110011110101
1011010110011100
1001100011100001
0010100100110011
1010110011010010
1010100110101101
1010111100101111
0010101011011111
0011001100101110
0011001011000010
0010101000110000
0010111000001111
1011011000100001
0010010110110101
0010100011111101
1010100110100100
1011001001001110
0010110010101001
0010110101111000
0010110100001000
0011001110111001
1010100110011000
1010011100001100
1010101010100111
1010110011111010
0010110001011000
1011011011110100
0011000011011001
1010011111001111
0011000101011100
0011100010011001
1011000100101011
0011000001100011
0010110010100001
1010011100101110
0011000000100011
1010110001000001
1010110100100010
0010110101111111
1010011001010111
0011010100111111
0010101111000000
0010101011011000
0010001110010110
1010101100110000
1011011011011000
0010110100001000
1010100001010110
0010110000101100
0010101100011000
0010110110100000
1010111000010010
1010100100000101
1010110011101000
0010101011001101
1010100100010100
1011010000011110
1010111000000101
1010110001101001
1010100100001001
0010010000001011
0010110011110100
0010110110001101
1010110100001000
0010110000001111
0011010001111101
1010111110111101
1010110101010100
0010110100001010
0011000000100011
1010110110010111
1010110010110000
1011000100110010
1001011100011000
0010000011111010
1010111110001010
0011000110001110
1010111100001000
1010110000101111
1010101001101100
0011001110000000
1011000111111010
1011001000011010
1010101010010010
1001001101001111
0011000010001100
0010111011010001
1010110001110110
1010110001010000
1010110000000100
0011100010010010
1011001000101010
0010101110100000
1011010011110000
1011011110111100
0011000000001001
1010100101001111
0010000101111101
0010110011101010
0010011111000100
1010101111100110
1010011011101111
1010100011100001
0010111100101100
1011010000010001
1010101100010101
1010111101011110
0010111000110011
0010100110101110
0011100000101111
1011000000100101
1001110001000100
1010110101000100
1010100000111101
1011001111001001
0001111101010001
1010010010111011
0010000111110100
1010110011100101
0001111110101010
0011001001101011
0010111011101101
1010100011011100
1010100100010101
1010111011011111
1010111111100110
1010111001000001
1010001010010001
1010110111000000
1011010110110111
1010111100100101
0010101110001101
0010000111000110
1010110101001011
0010011011011011
1001100101111111
0011001110110101
0011000101011111
0010110111100100
0010011101010110
1011010011011111
0010101010101111
0010101001010000
0010100101010100
1011010000010001
0011000110100000
0011001011001100
0010110110010000
0010100011110111
1011000000101110
1010111000011010
1010111001100110
0010110111010001
0011000000101100
1011011011111100
1000111010101001
0010111101000010
0010111101110111
0011100001100111
0010100101001010
0010110001111000
0011000100011111
0010111101101000
1010110001000101
1010110001001001
1010011100100100
0010011100111100
1010101111000100
0011011001110100
0010110001010100
0010111100110000
1010001111011000
1011000000100000
1011011111110010
0010100111011010
1010010001011011
1010101010011000
0010110101101101
0011001100101101
0010110001101010
1001111100110111
1010111101110111
1010110111100010
1010101100011111
1011000111111101
1010010100010001
1010110010010101
0010100110110010
0010110000101110
1000110111011101
0010101111000101
1010101010011100
1010101100111111
0011010111100101
0010111010111101
0010111101001001
0010110010011001
1010110010111010
1010100001110110
1010110110001101
1011010010011111
1011000001111010
0010010001100110
1011000111011001
0011001000001010
0010100011101100
0001111010110010
0010101010011011
0011010100010011
1010110000011011
1011001001111011
1011000111000100
0010000000000011
0010111001010010
1010110001001110
0010011101001111
1010110110001010
0010000111000001
0011100001100000
0010100101011101
1010110100001101
1011000101110111
1011011111000100
1010101101100110
1011000001001011
0010110100001010
1001110001111100
0010111010000110
0010010111000000
0010101110001000
0010111110101111
0010111001010001
1011010110101010
0010010010100010
0010011010011111
0010100011110000
0011000001111101
0011100100101000
1010111100101101
1010000011100100
0010110111010101
1010010000010001
1011001110100011
0010111111110110
1010110010011101
1010100101111111
0010111010111011
1010101110011001
1010111000010101
1010100111000011
1010010100000010
0010101000000010
1010010111011101
0011000111010111
1010110000000010
1010001110110101
1010100000010100
0011010100110011
0010011100100010
1010011110101101
1010110110010110
0010111001101101
1010100110011000
1010111111010010
1011001011101011
1010010011001011
1010101000001101
1010101011011011
0011000001111100
1010100001110001
1010000101100010
0010110101111101
0011001111100011
1010111000111011
1011001000110000
1010111111010001
1010000011000110
1010111011011110
0010100010111101
1010011010011000
1010011001011000
1010100001110000
0011011110010011
1010010100101010
1010100101011001
1011010000101001
1011011010011001
0011000100010111
1010110100001111
0001100111111110
0010101111100111
0001110011100101
0010101011110010
0010110010101111
1010010010011000
0011000000101111
1011010000101101
1011000001101110
0001110001010011
1010111001100000
0010111001111011
0011011110000101
1010100001110100
0010100100011101
1010111001010010
0010101100100110
0001100010001000
1010100100100010
0010101101010110
0010111110000101
0010111111101010
1010111110000110
0011000110101001
0011001000111010
1010110100001111
0010011110101110
0010110101000001
0001011000111000
1010101101000110
1010101001100000
0010100110010100
1011000110110000
0010100110011001
0010011001101101
0010010101011000
0010111001000101
1010010001101110
0011000001000100
0011010000001100
0010110001000001
1010110010010111
0011000000010011
1011010101011101
1010011111000011
1010110001110000
0010011101100010
1011001111100001
0010111010000000
0011001101101001
0010110101000110
0010101001110110
0010110010010100
1010111010011111
1010110001110110
0010010111010110
1010010001010111
1011100001101010
0010110001001000
1001100111111010
0011010100001010
0011010111101001
1010000100101110
0010000100010000
0010100111011010
1010011100010100
1010010110010111
1010110010010000
1010110011110000
0010111011101111
0010100100000101
0011011001111100
0010001001000100
1010101001101100
0010011101101010
1001111110010100
1011011011110011
0001110011001101
0010001111010000
0010110000100110
1010101001110101
1001001101000100
1010110000111111
1010110101001011
0010100101100011
1010100000010100
0010110100100110
1011001100001100
1010011110110100
0010111001100110
1010110110001000
0001111100000000
0010010100000010
0010111101101110
1010110010001011
0010101010101000
0011011010101000
0010110100100111
1010010111101010
1010110111011011
0010110011010011
0000000111110101
1010110000011011
1011010110001111
1010110101101110
1010100010100011
1011001000001001
0011010101000101
1010000010110010
1010010111100000
1010110011111100
0011010011110001
0010000111111101
1010101001000001
1010110010001101
1010110111000011
1010110101101010
0010101111001110
1010101000110000
1010110001100011
1010111010000100
0011010110000001
0010100011100001
0010100110000001
1011001000100000
1011011001011101
0011000101010101
0010011000000011
1010111100011110
0010100001110001
1010110101110100
0010010100110110
1010110111010110
0010100001001000
0010111111101010
1011011010100000
1010110110000010
0010111000010010
1010101101011100
0010100001110100
0011100100000000
1010011001111110
0010101110110101
0010001110001010
0010110110000111
1010111100110000
1010110111110011
1001101001011000
1011000000110011
0010111000101000
1010011001011101
1010100011100011
0010101100001001
0010011000111011
1010110111001001
0001111100110000
0011001001010101
0010110000111001
1010000111110010
0010101100101101
0011010100101001
1010100100010110
0010111110111011
0010100011100011
1010110000011111
1010111011010000
0010010011111011
1011011001011001
1010110101110000
1010111111001001
1010011010001100
0011010110010010
1010101100111110
0010100000101001
0010100010111000
0011000110101011
1010110111101110
1010100000000101
1010111111111011
1001111011111110
1010001000111001
0001100001101000
0010011111010000
1010110000101101
0010101101011010
0011011010000000
0010001100000000
1001110100011100
1011000100100000
1011100000111010
0010001011011001
0010101011011010
1011000010100000
0010001000100101
1011000000101000
1010100110101111
0010100101001000
0010111110110100
0010110101111100
1011010011010011
0010010100000001
0010101101110110
0001100101011000
0010111000001100
0011100011011100
0010010100011010
1010111100101010
0010110100000001
1001111111110010
1011000001110110
1010111000100011
0010101111100011
0010011010001000
0010111111010110
0001111010110010
0011001000110110
1010110000000111
1010111110110101
0010100110110011
1010110010100001
0010100011110011
1010010110100000
1010100110100001
1010111011100000
1011001101100011
1001111001111000
1010010010100011
1010111010011110
1010110111000111
1010111110111010
0010111011001110
0011010110101110
1001111100111111
1010110100101101
0011001011000101
1011001111001011
1010110000001011
1010011000001100
0010110100110101
1011010010010010
0011000011000110
0010111001111010
0010111001010011
0010101001100100
0010101111000011
1010100010100101
1010110100010000
1011000000000011
0010110001010001
1011011011111011
0010110000010101
1010110000010100
0010110010100110
0011011001100101
1011000010110101
1010100000001000
1010001110010111
0010110000100010
0010100001111110
0010100001010000
0010100001100000
1010111001001010
1010111110101011
0011010101100000
0011000100011110
1010110110111110
0010110011111010
1010110111011001
1011100001110110
1010100000001110
1010111010110111
1010110101001011
1010101010000010
0010000011110000
0010110011000010
0010100111011001
1001111010011000
1010100101110011
0010100011011111
1010100000000110
1010110000011010
1010100010101011
1010101111101000
0010111111001010
0010111100000101
0010100110110010
1010010110101101
0010011101111110
0011010111101100
1010110010101001
1010100101000010
0010111010001000
1010011110011001
1010110110010010
0001101101100101
1011000100100001
1011001001010000
1010111011010010
1010111110100101
0011010101001110
0010110011000001
1010110110001001
1010110011011001
0010110100010100
1011001010010001
1011000010100001
1010011101000001
1010101100110000
1010101100111110
1010100011010011
0010100010111011
0010101000110011
1010100010101110
0011010110000011
0001000101100111
1010010100111011
1011001111011011
1011100001100011
0010100110110100
0010100110110101
0001100101101001
1010111110111111
0010101010010010
1010011010000001
1011000000010101
1010010010001000
1010111011001111
1011010001011011
1010011001000111
0010010111001000
0010101101000011
0010111100010001
0011100100110111
1010011000110111
1010010111111010
0010100101001111
0010110110011111
1011000000111011
0010111000111100
0010011000011101
0010010111101111
0010011001010110
1010111111001011
0010100101101011
0010111110011101
0010110110011111
1010110110110101
1010110011111010
1010100001110110
1010110010110001
0010011001001111
1010011001011101
1011011010100000
0011000000010000
1010110011001011
1001010111011000
0010010100110001
1011000000100010
0010111001000101
0011010101001110
0010111100110001
1010101111110100
0010110001111011
1011010111011011
0001000010010101
1010111000110011
0010011101100101
1011001011011100
0010110110110010
0011001010110010
0011001000100000
0011001100100000
0001110000110110
0010101000111110
0010111100101010
0010101100110000
1010001010001100
1011011111000011
0001101110100111
0010111011000011
0011000101001000
0011100001110111
1010101010100111
1010110110101001
0011000000110101
1001101101011101
0010110111011100
1010011110001001
1010011001110101
0010110001010111
0010110101110000
0011010101010101
0010110010010101
1000111011100011
1010010000111100
1010100010101100
1011100101000000
1010100100100000
0010111000010001
1010000110111100
1010110101101100
0011001111000010
0010110000100000
1010011110111011
1010100000010010
0010110110110000
0010110111111010
1011000101111101
1010111111001001
1010101110001010
1010111011111001
0010100100101000
0011000111111100
0010110010101010
0010111001001100
1010111001110100
0011010100110011
0010110100110000
0010100000010000
1010110101101101
1010111000000110
0010110000011010
0010110110010110
1011001001101000
1010010010101111
1010110111001011
0010010100111110
0011010011111000
1010111000110001
0010001000011100
0010111001010111
0011000110011110
1010100001000010
1011000110010001
0010100010110110
1010001111101110
1010111000110100
1010100001110011
0010111011100100
1010110001111011
0010111000111010
0011100001101101
1011000100111100
0010110010001110
1011001111011100
1011011110000110
0010001100110011
1010011001110001
1010010110011100
0010110010100110
1010111110100100
0001111101110101
1010011011001001
0010011101000011
1010000001110011
1011011010011111
0001101000101111
0010100110100000
0010011111010101
1010100011111000
0011100000001100
0010100101100101
1010100001000000
0010101110001100
0010110111100110
0010000000011001
0010110001101111
1010101001101001
0010101101100010
1010111110011010
0010101110011111
1011001111000110
1010101101010111
0011000001010100
1010110001101101
0010110110101011
0011001010000111
1010100111001001
0010010100010101
1010110011101100
0011001010101100
1010010110000100
0010110100110101
1010111011100011
1010101011010101
1010011001100011
0010110100101100
1011010100100001
1011000110000010
1010111000101001
1011001101001001
0011001011111100
0010110101001110
0010111110100101
0010011011000110
0011001010101010
1010100010110011
1011001010000010
1011000100000111
1011000000000010
1010111100001001
1010111011001110
1010111100001101
1010110110001011
0010110001101101
0011100010110000
1001101000000101
0010110000011000
1011010001010011
1011100001110011
1010100100101001
1010010011011000
0010101101001110
0010110111000000
0010101111010001
1010000001011010
0010101010100011
0010101000010101
1010111110111000
1011010101110000
1010110011001010
0010000111111001
1010111001011010
0010110001000000
0011011110001110
1010111001001001
0010110010011011
1010101000010110
0010110000111001
1011001100100001
1010111110111000
1010101101100000
1010111000010001
1010110110111011
1010100111100001
0010110100010111
0011000111110111
0010101000000110
0010110011110110
1010011011000010
1010111010100001
1010110000110100
1010101110100010
0010111001010000
1011000110001111
1010101101001000
1010101011011001
0010101000001111
0010100001000010
0010100101001101
0010101010011000
0011011000111011
0010010010010110
1010101001000101
0011000001011001
1011010100101101
1010110001000100
1010110111111101
1010000101000111
1011000011100011
0011001100111100
0010111100001111
0010111110011011
0011000001001000
0010000100010010
1010010100000010
1010011110010001
1010111101010111
0010000001010000
1011011011000011
0011000101011101
1010110111011101
0011001111001101
0011010100010101
0010100110001110
0010101001101101
0010001011001100
1010110101000100
1010110100111001
1011000110110000
0010100110111010
0010011010001010
1010111111000011
0011010100111110
0010110111101010
0010110111000101
1010111111110010
1010110101110111
1011100000101011
1010100001011111
1001111011101010
1010111001111110
0010110111101111
0011000111010110
