-0.11031241
0.04757644
0.02555634
0.02071085
0.10679137
-0.09171200
0.06902777
0.08743393
-0.09563773
-0.00122160
0.11801526
-0.03811407
-0.09119433
-0.08298893
-0.02773164
0.08773028
0.04127087
0.10044491
0.03054832
0.09583452
0.01208488
-0.01957476
0.03129934
-0.07456625
0.03116295
-0.09772981
-0.01713069
0.01143365
-0.07290749
0.12459208
0.02250655
0.07523736
-0.02580556
-0.00466125
-0.11871655
0.13002133
0.03443445
-0.05993389
0.05853569
-0.06755520
-0.03411105
-0.05898191
-0.05737270
0.09216705
0.09481783
0.12029523
0.02291785
-0.10447416
-0.10836210
-0.08058739
-0.03230748
0.06536891
0.02190351
0.01228011
-0.07766917
-0.00236100
-0.09184390
0.02685554
-0.03516262
0.07322852
-0.08671048
-0.11017983
0.04697484
0.03441292
