-0.01651833
0.02771178
-0.08303186
0.04291840
-0.00906928
-0.02297375
0.02820453
0.03526903
-0.03715043
-0.01677799
0.09211927
0.05608047
0.07462946
-0.10492981
0.10556760
0.07015825
0.02678295
0.11977664
-0.01771123
0.09642153
0.02045658
-0.00527050
-0.11357948
0.06516130
0.07646930
0.05299034
0.03648248
-0.05461807
0.05567809
-0.02158631
-0.08481117
0.13068768
-0.08625171
0.00046622
0.00672577
0.01423655
0.10440627
-0.02671756
-0.11645879
-0.05193215
0.05884792
0.02904482
0.05401081
0.03258709
-0.07759506
0.08493565
0.11829030
-0.04558905
0.03472900
0.10577168
-0.08441606
-0.00587392
0.02026198
0.02565014
-0.04981951
-0.03979500
-0.07845770
0.07626313
-0.09632106
0.13075274
0.08402240
0.03239066
-0.09598720
0.11071447
