0.10063580
0.03540320
0.13655898
0.19124302
-0.25715145
0.03265101
-0.04798650
-0.19252130
-0.16798827
-0.01011868
-0.27643567
-0.02724990
0.15993369
-0.12887014
0.06705446
-0.29772437
0.11472645
0.05168691
-0.42557564
-0.04225381
0.15885644
0.01935371
-0.10493914
-0.13599439
0.30654556
-0.03397968
-0.06437314
-0.04486908
-0.11627381
-0.11155350
0.16303171
0.35512358
0.12437917
-0.03670803
0.05832199
0.02920598
-0.23926128
-0.15016285
-0.12758285
0.14831814
0.13966328
0.60477126
-0.47310561
0.08391403
-0.03286245
-0.19778763
0.18403743
-0.08375786
-0.26499590
0.66088635
0.01228004
-0.18611328
0.10480177
-0.07028932
-0.16391160
0.23293629
-0.12422044
-0.00030452
-0.04055012
-0.02788117
0.18803859
-0.07165541
0.00215096
0.18974122
0.11303189
0.05147097
-0.16446982
-0.14185101
0.17357908
-0.04529655
0.10607492
-0.05673830
0.12427247
-0.06152353
0.14850403
0.14892107
0.01632249
0.18294977
-0.04347373
0.13995399
-0.23189010
0.09595386
0.33449978
0.10603372
0.04353978
-0.04447671
0.12835565
-0.08531644
-0.03781861
-0.06406592
0.11348303
0.02888967
-0.02800545
0.15422785
-0.04117894
-0.33275154
-0.17469488
-0.05029063
-0.07951020
0.16338435
-0.02495749
0.17928180
-0.05503746
-0.16682269
-0.14972614
-0.39753303
0.14794284
-0.01249390
0.12615399
0.06635368
-0.08410619
0.17931585
0.28949034
-0.53209895
-0.16714297
0.14458641
-0.07917669
0.01148710
0.07778364
0.06360023
-0.10384271
0.05066586
-0.01920903
0.07632151
-0.27583048
0.03329894
0.02172468
-0.18427812
0.05237214
-0.02914052
-0.15694639
-0.12091541
0.16163088
0.12361453
-0.07048035
0.14523777
0.11602519
-0.05237919
0.24834923
0.10123343
0.01493340
0.12857886
0.00373014
0.10277580
-0.15880822
-0.13655350
0.21461338
0.08569749
-0.13323338
0.19110747
0.10201696
0.08238646
-0.21438530
-0.17480998
-0.01579754
0.07577401
0.09698757
0.15182421
-0.13045165
-0.18718781
-0.10519585
0.06802764
-0.19710973
-0.01306747
0.03089983
0.19396570
0.09132978
-0.11339597
-0.11449008
-0.30139327
0.20290834
0.01107628
-0.04727437
0.03966657
-0.10937633
0.27593130
0.15489650
-0.57484508
0.01213574
0.26899454
-0.20029248
0.13226187
-0.08368573
-0.04755377
-0.01202813
0.11497445
0.05535690
0.03535143
-0.07629590
0.17661585
0.15261118
-0.07850226
0.00562491
0.14090514
0.23815835
0.27970827
-0.06670667
-0.15027814
-0.10009605
0.01854720
-0.21719965
0.14101964
-0.35001299
-0.26281756
0.21932429
-0.31622586
0.10018153
-0.41089326
0.32217735
0.10535941
-0.49100697
0.02886114
0.07686025
-0.08096064
-0.06366797
-0.29589677
0.31957230
0.10766856
-0.10489633
-0.19772176
-0.01653246
-0.07676564
0.18208633
0.21965086
0.23816030
-0.00108512
0.07649977
-0.13988389
-0.23656206
-0.07433728
-0.16765809
0.33881202
-0.04746836
0.52002698
-0.56598759
0.06627504
-0.24055423
-0.08188803
0.02026091
-0.05407868
-0.30917802
0.79531825
0.13246946
-0.42968345
0.24817711
0.01703520
-0.02585127
0.12364871
0.00253172
-0.10090877
0.13138092
-0.09138605
0.21102291
-0.06646558
-0.18486555
0.17582895
0.01455875
0.18972437
0.11900730
0.29167747
-0.04774987
0.00996956
-0.14867935
-0.01462128
-0.00939413
0.13678876
-0.31852779
-0.10733507
0.07537402
-0.15395506
0.07822425
-0.41737834
0.23853284
0.13393317
-0.47827592
0.03627490
0.03499819
-0.19375962
-0.09327351
-0.22578779
0.28178689
0.15832490
-0.07338705
-0.06412207
-0.16970645
-0.17217064
-0.02817348
0.23998317
0.03883343
0.18388671
0.14089210
-0.08725580
-0.19808367
-0.13197771
-0.05623035
0.12827261
0.12694763
0.56229556
-0.35097924
0.11204201
-0.05864581
0.00927698
0.14620210
-0.12697268
-0.11770943
0.73325646
0.15865342
-0.24494915
0.06459316
-0.14908789
0.03619440
0.28496662
0.02556144
-0.14413337
0.06986962
-0.05008987
0.38205922
-0.00698753
-0.15566967
0.23783238
-0.05280963
0.04175555
0.04447223
0.25417134
-0.15467688
-0.04296017
0.07965750
-0.11013241
-0.05754964
-0.06620557
-0.19136451
-0.04847193
0.03125086
-0.11538749
0.13854252
-0.13121438
0.21432182
0.01294848
-0.17377892
-0.14520656
-0.04168079
-0.18602359
0.06792761
-0.11221552
0.20555694
0.14617412
-0.13020957
-0.08634965
-0.16860522
-0.11517841
-0.00157263
0.28867555
0.09740379
0.10770048
-0.00707868
-0.16796038
-0.03993502
-0.15654966
-0.02514393
0.16388436
-0.01214456
0.46358135
-0.32386547
0.04694721
-0.10951452
-0.08485617
0.00421352
-0.20711580
-0.15129085
0.47180170
0.05171438
-0.13752607
0.22430348
-0.06333167
-0.13575317
0.10695226
-0.04327775
-0.00146822
0.11719450
0.03576488
0.23000325
0.04425558
-0.01929679
0.03446521
0.04496375
0.18160929
0.20315623
0.32164615
-0.18097563
-0.11382693
-0.12518910
-0.17522754
-0.10902591
-0.01093189
-0.29454231
-0.12783718
-0.01745301
-0.12208764
0.04622846
-0.32409063
0.25867158
0.05815569
-0.27349773
-0.01097226
0.18110761
-0.09369925
-0.11396042
-0.02450240
0.11816373
0.09234540
-0.00961852
0.01516322
-0.11267694
-0.19436075
0.06646895
0.16351312
0.01497069
-0.02984808
0.20597000
-0.15638843
-0.06164747
-0.20367494
-0.12904075
0.11274177
0.14550658
0.41176379
-0.45311809
0.07593445
-0.02895334
-0.07238860
0.16099888
-0.24089143
-0.14539760
0.76456136
0.06049998
-0.34376636
0.20034403
0.02047234
-0.14529327
0.27664864
0.06042427
-0.16801921
-0.04742622
-0.05133986
0.20519841
-0.16337742
-0.05774609
0.12542206
-0.12122263
-0.01318556
-0.17269230
-0.11079422
0.23838821
-0.01601697
-0.07405747
0.10803034
0.15695438
-0.09399630
0.22148363
0.01409311
-0.03853061
0.11963487
-0.04634861
0.15117441
-0.24494685
-0.09675700
0.22457723
-0.07446183
0.06725840
0.16548061
0.03935550
-0.03007644
-0.19599704
-0.15367819
0.04480459
-0.08447101
0.11403497
0.09371663
-0.00952887
-0.25841403
-0.15815604
0.05896102
-0.17931132
0.00106976
0.05014144
0.18426371
-0.05651726
-0.18683067
-0.14789718
-0.39549893
0.41098198
-0.08684419
0.09467528
0.07836710
-0.06178536
0.17490524
0.33271542
-0.66444707
-0.02771228
0.28511569
-0.09799320
0.02117277
0.04298440
-0.07548741
-0.06902187
0.10869063
-0.03533602
0.07468154
-0.07531252
0.12835726
0.13847406
-0.19487490
0.17858899
0.12070259
0.15392300
0.17721438
-0.15295543
-0.16954806
0.05179230
-0.01339709
-0.07677367
0.09595111
-0.17483287
-0.07727828
0.18522818
-0.22146028
0.06175991
-0.29664904
0.19615445
0.04041053
-0.43816534
-0.01838525
0.16542278
-0.09958007
0.04650943
-0.26755637
0.40097627
0.16548479
-0.02088022
-0.15460996
-0.19466996
-0.18555039
-0.04461960
0.24382527
0.20653903
0.02973962
0.08079995
0.02371063
-0.16027230
-0.14122021
-0.17832926
0.17912571
0.08416218
0.56704414
-0.41997352
-0.02116123
-0.20668776
-0.18406492
0.06278832
-0.07437386
-0.20200969
0.75532073
0.00359615
-0.31230941
0.26983440
-0.11754403
0.04119751
0.28372326
0.03605525
-0.13129798
0.15096526
-0.15664452
0.28882593
-0.04824395
-0.18561670
0.02311762
0.06376052
0.20983481
0.12666468
0.30536172
-0.03330990
-0.21127918
-0.10313407
-0.14662686
0.04238325
0.07185040
-0.17012548
-0.00357394
0.08637993
-0.28060475
-0.02690780
-0.24361721
0.22327694
0.19716159
-0.47916132
0.00715806
0.05564190
-0.17048068
-0.10679606
-0.19454224
0.31441987
0.19276777
-0.08948354
-0.03226684
-0.12709154
-0.18267664
0.10397568
0.31797317
0.20791744
0.17362018
0.22768636
-0.02657501
-0.15116078
-0.26842740
-0.16575623
0.33459282
-0.04444586
0.47435153
-0.28597546
0.08678098
-0.15366866
-0.08640147
0.01988782
-0.16334172
-0.34028503
0.75122815
0.04631057
-0.33028653
0.21785328
-0.04292667
-0.04359653
0.10615388
-0.15507428
-0.03882661
0.01417922
-0.02843192
0.33458599
-0.10107689
-0.14980622
0.21587951
0.01346473
0.04354692
0.11397517
0.17535800
-0.09536896
0.08557697
-0.09428730
-0.11137308
0.05639992
-0.00564698
-0.16261426
-0.08725064
0.10112424
-0.25997522
0.07396556
-0.13026842
0.23925379
-0.05746555
-0.17814796
-0.09761376
0.12324314
-0.17970039
-0.05428870
-0.01957785
0.18994150
0.04254098
-0.09437763
-0.09777027
-0.04241888
-0.08728074
-0.03119289
0.28040841
0.07720071
0.07758470
0.13141122
0.03440874
-0.22807790
-0.02254007
-0.06102960
0.12573168
0.14536114
0.45952633
-0.30623177
0.05120865
-0.17515507
0.02610379
-0.08258729
-0.14014573
-0.15914604
0.54124391
0.07583233
-0.32619137
0.02633745
-0.06036986
0.01784332
0.17744876
-0.07278305
0.04268360
0.04608235
0.08606940
0.07216232
0.07080270
-0.00972353
0.17496817
-0.07727346
0.17546427
0.12654902
0.02590174
-0.22878686
-0.01696741
-0.01001483
-0.03328140
-0.09686130
0.14720504
-0.14049679
-0.05825385
0.11943897
-0.09879544
-0.03112156
-0.20015831
0.23267362
0.14071548
-0.33883125
-0.04367302
0.09583429
-0.03310081
0.05931352
0.07269274
0.23714434
-0.01514040
0.02717448
0.03656388
-0.00135223
-0.07655682
-0.05118877
0.24283364
0.12413194
0.05523633
0.22729784
0.00363557
-0.17691189
-0.07995787
0.04870909
0.18645251
-0.07117219
0.43401980
-0.26322025
0.14951187
-0.15201068
-0.09667371
0.10884538
-0.19975342
-0.14415579
0.45506987
-0.04065407
-0.08594624
0.12046663
0.04181258
-0.10397059
0.15075167
-0.06337786
0.07403315
-0.00662072
-0.14550459
0.07571205
0.01163403
-0.13041066
-0.02271593
0.00095486
0.11025953
0.26966047
0.13588981
-0.23522826
0.01404331
-0.10431211
0.02596666
-0.13698280
0.03184305
-0.08875439
-0.12995116
0.15392388
-0.11601489
0.06916521
-0.13032356
0.20722830
0.15443338
-0.26219514
-0.04540403
0.14772505
-0.15999857
-0.10399573
-0.13948068
0.22546566
0.15514812
-0.10721952
-0.17795785
-0.16880189
-0.07285304
0.08035368
0.17198688
0.00362018
0.05399299
0.16535954
-0.11526196
-0.26020226
-0.17766288
-0.03190332
0.30112192
-0.01053804
0.50940478
-0.43562868
0.13342363
0.02128817
0.00600255
0.03859049
-0.16204697
-0.37538779
0.62449616
0.15843751
-0.21132036
0.07709169
-0.02227716
-0.12251390
0.07584243
-0.10315392
-0.04344337
0.08067116
-0.10651646
0.18194680
-0.03853657
0.02156126
0.19307253
-0.17686708
-0.20915189
-0.16907261
-0.31939459
0.17802280
-0.01417233
0.06514544
0.10512297
-0.02685895
-0.11819040
0.30716306
0.20171587
-0.18890800
0.15339050
0.01699197
0.19355381
-0.30386633
-0.09740467
0.29701337
0.05634650
-0.06420107
0.20780848
0.03029975
0.15639125
-0.27044225
-0.13761762
0.14079106
0.00663116
0.04121663
0.07138747
-0.09832482
-0.19457914
-0.01071424
-0.10085832
-0.02508017
-0.00680682
0.21410561
0.24100037
0.00787586
-0.13875179
0.03787803
-0.57084113
0.39837095
-0.01575516
0.19000384
0.11647864
-0.05436872
0.22052482
0.35252187
-0.65147078
-0.03252387
0.39629102
-0.22961153
0.16325854
0.04508455
-0.15154617
0.04923529
-0.02256447
-0.11397278
-0.02021247
-0.21721165
0.14035654
0.22111288
-0.21943229
-0.15968193
-0.18624784
-0.24188718
-0.11923540
0.23557957
-0.07974601
0.15530019
-0.05111857
0.11130664
0.04442893
0.10583416
0.08522105
-0.15468597
0.19937953
-0.04538682
0.33442259
-0.08703510
-0.04702374
0.25207970
-0.03259761
-0.14559934
0.10849585
-0.04930495
0.13616830
-0.27324954
-0.17859793
-0.00694728
0.11873639
0.04995428
-0.03757781
0.02038231
-0.19576834
-0.21017763
-0.04603170
-0.12260182
0.06044915
0.19006799
0.00675899
0.06074525
-0.22627693
-0.14741075
-0.52337241
0.29188451
0.06064350
0.14531262
0.08646546
-0.13869986
0.24392363
0.19739085
-0.61494344
-0.19464700
0.22228554
-0.06633446
-0.03819002
0.11670478
-0.17338738
0.00089260
-0.01080001
-0.13721608
0.10599553
-0.22443038
0.18259011
0.02831785
-0.16136566
-0.08657201
0.16872296
0.21152037
0.20438723
-0.26966110
0.00478278
-0.04573036
-0.17190269
-0.02918407
0.10633177
-0.25837225
0.00601485
0.11553855
-0.09835637
-0.00547927
-0.27159131
0.11270378
0.10240976
-0.28324056
-0.04575410
0.09125751
-0.18236324
-0.02203647
0.03638317
0.21519446
0.04810991
0.09775490
-0.10860659
-0.13101530
-0.15885250
0.08610921
0.31100750
0.08239280
0.13454203
0.04393792
-0.15266825
-0.17103900
-0.02534774
-0.09666825
0.07638071
-0.08688772
0.30444953
-0.45300967
-0.01076957
-0.02624840
-0.10274336
-0.03545269
-0.19444795
-0.28164476
0.65521967
0.12765291
-0.31895995
-0.00788385
-0.13941430
-0.04150117
0.11930136
-0.05644438
-0.08750957
0.11747333
0.03814554
0.08754042
0.02197992
-0.12015791
0.05290104
0.05051777
-0.00432015
0.21017922
0.27763683
-0.06056779
0.00656599
-0.02119075
-0.01134016
-0.13966382
0.12972821
-0.21247888
-0.20373310
0.06767604
-0.33048293
0.15783291
-0.30570620
0.19207166
0.08246285
-0.44456765
0.03789192
-0.02266408
-0.08698891
-0.09736160
-0.06096008
0.25082946
0.15476622
-0.14747572
-0.05116180
-0.15220433
-0.08978742
0.15508284
0.16643475
0.02105145
0.17900035
-0.00364120
-0.16091956
-0.06289492
-0.04203079
-0.05532442
0.27198660
-0.01064905
0.59677958
-0.34963903
0.01895672
0.01961895
-0.20598121
0.14468034
-0.21879926
-0.21224484
0.63887602
0.17822154
-0.33027405
0.22128586
-0.01147500
-0.10039821
0.22353420
-0.01778986
-0.03560535
-0.01849148
-0.06045636
0.27966192
-0.04393961
-0.20599750
0.17195645
-0.23891215
-0.03070279
-0.31518400
-0.30440280
0.08679745
0.11967950
0.03533875
0.19131228
0.11684203
-0.01014226
0.32087615
0.19017389
-0.07784063
0.27195692
-0.14143312
0.50080174
-0.26505685
-0.04651069
0.50202477
0.00670200
-0.11594316
0.15696819
0.01896724
0.22036183
-0.32013574
-0.19383471
0.04278321
-0.02278565
0.10336369
0.20588571
-0.10600063
-0.31463519
-0.23718955
-0.08900515
0.01282884
0.08297312
0.36337939
0.29699531
0.21792328
-0.37772900
-0.07984248
-0.59267372
0.59940594
-0.00658061
0.11753305
0.24676551
-0.05333818
0.29848284
0.32035530
-0.85146618
-0.24611768
0.36851689
-0.19814102
-0.01291904
0.11423405
-0.37747258
0.14574081
0.08967508
0.06093425
0.18488355
-0.37107602
0.19498111
0.25553656
-0.27398235
-0.15636969
-0.16017585
-0.23468241
-0.22678684
0.19614674
0.09462036
0.14026810
0.12449905
0.17945322
-0.09901360
0.30250201
0.23933505
-0.06613551
0.25173372
-0.04262349
0.37216917
-0.23856479
-0.19097383
0.46074951
0.11242551
-0.00940067
0.11763149
0.18334021
0.43606210
-0.33731222
-0.19510999
0.18624729
-0.03323771
0.10095254
0.13689537
0.01433693
-0.38043672
-0.25305220
-0.19209023
-0.05765212
0.10197989
0.49625212
0.28959921
0.13032927
-0.26637381
-0.04077234
-0.61549032
0.69589341
-0.02680868
0.14017387
0.26132125
-0.11773401
0.12504901
0.30283388
-0.76219285
-0.11739136
0.33981517
-0.09821071
0.08502026
0.06903688
-0.33875644
0.14084518
0.21601504
-0.17211209
-0.03227715
-0.37251034
0.06819517
0.17418136
-0.14000353
-0.22048666
-0.12220784
-0.09800956
-0.32342833
0.07818977
0.22805861
0.13810703
-0.01445758
0.07431216
-0.05778014
0.18395163
0.28616354
-0.10578402
0.17194746
-0.06482272
0.49779612
-0.18766615
-0.09040838
0.62891358
0.03865353
-0.21808794
0.18853907
0.01400965
0.35544664
-0.42509252
-0.17645043
0.04213667
0.10860323
0.05892589
0.11407683
-0.00947305
-0.41769120
-0.20905472
-0.10155518
-0.18176256
0.03066340
0.39256090
0.11320113
0.04051986
-0.32573107
0.00117351
-0.64976037
0.48463380
-0.10482132
0.15310372
0.24258986
-0.03649164
0.10445954
0.20420161
-0.78849900
-0.09933528
0.40701669
-0.12185148
0.02195911
0.01225308
-0.36255205
0.13885188
0.07291462
-0.03283395
0.04197383
-0.33775452
0.15108436
0.22840363
-0.04053184
0.07072850
0.12702350
0.22512126
0.14812325
-0.11679602
-0.03079687
-0.00843783
0.06087016
-0.04796578
0.14116198
-0.20492540
0.09765611
0.16062184
-0.23888880
0.12190280
-0.14684305
0.18861148
0.06019704
-0.22546998
-0.01571706
-0.02322889
-0.04827227
-0.05319674
0.08370706
0.11628425
0.03164908
-0.01539671
-0.06211595
-0.15665504
-0.16454932
0.08272239
0.09941978
0.08771854
-0.03211106
0.21875216
-0.16363789
-0.07375847
-0.12900449
-0.00800732
0.26119095
0.11155215
0.28095311
-0.22914465
0.04139657
-0.14314112
0.01550163
0.02441425
-0.10013907
-0.15994550
0.59754837
0.10069351
-0.30273682
0.19678247
-0.13761798
-0.14675330
0.04408997
0.09938241
-0.07214333
0.06643789
-0.12339467
0.22702226
-0.12096760
0.03393580
-0.03863471
-0.07929454
-0.17778705
-0.23955494
-0.33011466
0.17671628
0.11093996
0.09841269
0.01476926
-0.00511784
-0.03311351
0.12654905
0.22517350
-0.10305324
0.19476017
0.01553021
0.37735140
-0.24203888
-0.17860210
0.46411160
-0.02568096
0.02492062
0.24220127
0.17341806
0.20907666
-0.20441924
-0.05845573
-0.05076941
0.17228049
0.07221027
0.20113182
-0.05556664
-0.38945413
-0.11933371
-0.11634623
-0.18775110
0.18484129
0.24112263
0.26285636
0.05579778
-0.30248380
-0.09583113
-0.60021776
0.39273161
-0.07323214
0.10053321
0.20422636
-0.14473224
0.24906738
0.35621724
-0.73489535
-0.10826195
0.26484251
-0.11895916
0.04407288
0.16179973
-0.23440707
0.16868369
-0.02948785
-0.02674301
0.00747381
-0.25012729
0.08204120
0.02687238
-0.14475767
0.19049498
0.13895723
0.15379977
0.14439481
-0.04733673
-0.15339904
-0.05358711
-0.19948624
-0.15950423
-0.00837329
-0.33377749
-0.22954039
0.09605252
-0.10027172
0.16609977
-0.28316694
0.39915034
0.27196643
-0.40243354
-0.05284861
0.00140793
-0.30295375
-0.22971022
-0.16712999
0.28963754
0.08202480
-0.21566987
-0.05063662
-0.07811464
-0.06654329
0.00846929
0.04766144
0.14933224
0.03636040
-0.02913531
-0.25180218
-0.29550311
-0.18141674
-0.10087189
0.41784900
0.07831029
0.76885074
-0.56011403
0.04917413
-0.09804111
-0.24814074
0.08851190
-0.02247244
-0.22901510
0.83082193
0.14030948
-0.36078885
0.28817135
-0.03375623
-0.11181477
0.34549549
-0.16329373
-0.05152045
0.00026568
-0.13312267
0.31207901
-0.28346890
-0.29281673
0.27834573
-0.08703185
-0.20843984
-0.15550826
-0.34221846
0.17505230
0.16383663
0.08894458
0.18086210
0.20328860
0.03255535
0.32789391
0.12446379
-0.12576380
0.24653324
-0.19834681
0.27894393
-0.17268871
-0.00049372
0.33283436
0.08380207
-0.08131539
0.24036026
0.07869703
0.21954264
-0.26380795
-0.13841058
-0.01558714
0.10180829
0.00661000
-0.01107597
-0.15052165
-0.19917059
-0.16721463
-0.03878807
-0.09286682
0.00704441
0.33051512
0.06713498
0.07122084
-0.33622432
0.03633331
-0.55375588
0.42165717
-0.03006170
0.16023500
-0.00656282
-0.14581989
0.23127642
0.17287676
-0.60678613
-0.04121685
0.20594905
-0.24383737
0.04413291
-0.02943492
-0.11483549
0.02186490
0.11411072
-0.09042453
0.02755608
-0.30321905
0.18744928
0.16595384
-0.19805971
-0.30808896
-0.18153241
-0.12390702
-0.37386587
0.18228322
0.12802052
-0.02062079
0.12285412
0.19328578
-0.06949154
0.34106714
0.20270030
-0.18655454
0.26055089
0.00076684
0.39536038
-0.35828295
-0.10462416
0.55957383
0.07309648
-0.20696327
0.21461204
0.18692170
0.17285617
-0.43761370
-0.05780377
0.07389802
-0.01511130
0.18336794
0.24139650
-0.10614355
-0.39905772
-0.18765044
-0.16590495
-0.07544742
0.08844247
0.22840436
0.29530248
0.15247312
-0.22806382
-0.09073985
-0.71958297
0.46867436
-0.11328645
0.08859068
0.06966975
-0.04824838
0.11585416
0.18083340
-0.88607568
-0.12844770
0.48781881
-0.30051577
-0.00483328
0.09780950
-0.42348596
0.09309709
-0.01909384
-0.15582374
0.07247468
-0.48767433
0.05991942
0.09734955
-0.24444057
0.06410737
0.09727158
0.23813951
0.12851538
-0.10679679
0.01818892
-0.14806511
-0.10087805
-0.15746152
-0.02241070
-0.14088097
-0.03081721
0.20790683
-0.14489864
0.02210251
-0.27638552
0.07804796
0.04817597
-0.32229605
-0.15315652
0.00225853
-0.09879629
-0.15849786
-0.05671031
0.11239775
0.07904248
-0.04026951
0.06777540
-0.00414346
0.03540959
0.07990373
0.26008207
0.20530480
0.13602659
0.04530818
-0.03629572
-0.08889352
-0.23670365
-0.00297255
0.21107297
-0.00532527
0.37240824
-0.31438547
0.14607412
0.00333586
-0.00901817
0.05565074
-0.22626235
-0.32229173
0.53198004
0.07115738
-0.15175347
0.22103454
0.04367605
0.07002413
0.13083777
-0.05472260
0.02284068
0.13024902
-0.08220777
0.21706802
-0.07005256
-0.09109674
0.17998265
0.26061672
0.14668944
0.26774403
0.22420318
-0.14744605
-0.14651471
-0.15143324
-0.11203508
-0.10448006
0.07949331
-0.30198535
-0.22265440
0.11672356
-0.39539480
0.12864242
-0.36851263
0.29311779
0.07730237
-0.54154664
-0.00809822
0.02922896
-0.29996303
-0.08892776
-0.35672128
0.40863854
0.08182211
-0.19976446
-0.18580352
-0.19841276
-0.21651615
-0.01014443
0.23604234
0.07837901
0.09329896
-0.00025271
-0.05230124
-0.39338088
-0.27255133
-0.14852768
0.24492359
0.01596271
0.61901200
-0.65382755
0.08776864
-0.08896346
-0.18434672
0.21804297
-0.21578571
-0.28469062
0.76630569
0.27740958
-0.33296111
0.15248844
-0.16684209
0.00970992
0.39548048
-0.13343683
-0.13159575
0.13374656
-0.07482533
0.33036748
-0.10807510
-0.26064265
0.19058102
0.11671359
0.17589045
0.21770366
0.27963862
-0.12895116
-0.05404970
-0.08629744
-0.06575537
-0.14586280
0.02154608
-0.13022897
-0.18628173
0.21070601
-0.30611402
0.00990144
-0.23199965
0.22194622
0.03115926
-0.23938595
-0.05093443
0.01088218
0.01932759
0.05125253
-0.13429211
0.13558117
-0.02921750
-0.00405737
0.00099801
0.03137193
-0.16853440
0.01689126
0.17330515
0.09334646
-0.04717233
0.18714407
-0.17870425
-0.13503624
-0.15559518
-0.17421153
0.18623661
0.07147641
0.56031829
-0.40476161
0.08943550
-0.05156553
0.02990255
-0.01929692
-0.19820036
-0.16988638
0.64826387
0.04988407
-0.12496674
0.02914261
-0.06079007
-0.10065246
0.19006006
-0.14664179
-0.04315649
0.08596566
-0.15686843
0.19687873
-0.05196412
0.00661774
0.09909886
-0.01219606
0.19885261
0.16645564
0.23314819
-0.14857313
-0.02913875
-0.06752747
-0.17703637
-0.08311857
0.11128721
-0.33702624
-0.10523737
0.19914231
-0.21158193
0.07684767
-0.23209849
0.13032874
0.08235947
-0.28271869
-0.01477240
0.15208094
-0.05735188
-0.00757849
-0.16354801
0.14996746
0.18776566
-0.10484635
-0.14759159
-0.04880227
-0.08592159
0.16124947
0.35891184
0.10836980
0.17922013
0.18716513
0.01411731
-0.14763071
-0.09197662
-0.16983405
0.25508806
0.06140932
0.52271777
-0.33236718
-0.07042916
-0.20434952
-0.13907617
0.08835958
-0.23689586
-0.36423826
0.66630799
0.19788083
-0.19877014
0.19737205
-0.02265642
-0.11991480
0.28958818
-0.10366829
-0.14322515
0.09149666
-0.17943829
0.36199862
-0.20572469
-0.22067642
0.05333732
0.07988391
-0.02437853
-0.10510429
-0.31248894
0.08051826
0.11120477
0.00383224
-0.03358397
0.12428491
-0.15272520
0.27512470
-0.05435519
-0.15394415
0.10729484
-0.12794806
0.10861632
-0.24171840
0.06320599
0.22246096
0.11794205
-0.03139118
0.18776317
0.06088960
-0.01968659
-0.22988831
0.04160295
0.11221406
-0.03170205
0.09689084
0.09895085
-0.01683937
-0.28343341
0.00496941
-0.02699378
-0.00160872
0.05555689
0.24460964
0.13924682
0.11551557
-0.30043429
0.01254141
-0.53045106
0.28866231
-0.00790249
0.19040231
-0.02146122
-0.16051526
0.05459412
0.31061321
-0.55618417
0.00627232
0.31599668
-0.09700203
0.16503425
0.10730001
-0.06550454
0.13523324
0.00291798
-0.01255828
0.14631926
-0.11626727
0.15315235
0.02962105
-0.14883475
0.12951188
-0.04118460
0.20084633
0.25797439
-0.11926994
-0.14467207
0.03090332
0.02847808
-0.11386282
0.12614064
-0.06278466
0.03598831
0.11544310
-0.28148896
-0.02426651
-0.05639793
0.27983299
-0.02282700
-0.35982975
0.05223865
-0.00239864
0.00175211
0.00018197
-0.04242383
0.26950648
0.00905629
0.09287072
-0.11939665
0.06563849
-0.08499949
-0.05987422
0.09525042
0.14667587
0.14462054
0.03761860
-0.08157229
-0.07159721
-0.19930288
-0.00638771
0.22651565
0.09849190
0.31952849
-0.42027158
0.11123523
0.00308915
-0.07162128
0.07694098
-0.24130224
-0.20029378
0.63027084
0.01643639
-0.14568640
0.17441066
-0.06744822
-0.05806834
0.05781908
-0.00883469
-0.09578108
0.00624866
-0.12353617
0.23535936
-0.10999835
-0.14305727
0.19835889
-0.01478446
-0.04165907
-0.11924873
-0.29810616
0.12261135
0.05637169
0.02203596
0.10074708
0.09461955
-0.03201421
0.33797008
0.12710680
-0.02117153
0.23481172
-0.02208254
0.41967165
-0.32883456
-0.20922489
0.54780596
0.06097769
-0.07181594
0.08124887
0.17503060
0.23398332
-0.22327039
-0.07132136
0.01976768
-0.00234210
0.11531452
0.15287468
0.06532982
-0.36139446
-0.01047637
-0.18713558
-0.14093289
0.03875094
0.34042472
0.05533999
0.14317861
-0.21865569
-0.04241149
-0.48874825
0.34677836
-0.05344515
0.04566793
0.10481575
-0.12029338
0.21353824
0.35140976
-0.71218836
-0.14601153
0.31091303
-0.19859540
0.15094981
0.15043119
-0.09914684
0.18764195
0.13914803
0.06546506
0.01593722
-0.23643592
0.14593367
0.13270184
-0.23903866
0.12403952
0.09997444
0.20035900
0.08479208
-0.26771453
-0.09140895
-0.09363942
-0.17847170
-0.12712669
-0.04428334
-0.25076500
-0.08370447
0.16559066
-0.13182698
0.08883122
-0.28424555
0.21718095
0.11251004
-0.36853781
-0.08984467
0.07522296
-0.08889284
-0.13979124
-0.16670379
0.14776190
0.18857054
-0.05062731
-0.00964715
-0.06648437
0.03083985
0.15087031
0.25083795
0.17407721
0.12424575
0.02231856
-0.06362032
-0.22409716
-0.20593569
-0.11617685
0.22189751
-0.00126198
0.56851959
-0.44946906
0.02112621
-0.08257990
-0.11284176
-0.00317549
-0.15974542
-0.30905253
0.67456067
0.00811299
-0.18344523
0.12211759
-0.16822706
-0.14606819
0.14566787
-0.00216191
-0.14794201
0.03185600
0.06796686
0.28323537
-0.06755816
-0.08990186
0.19115789
0.12953204
0.14813101
0.06537944
0.16504003
-0.13398531
-0.01484051
-0.11977760
-0.15231568
-0.00988373
0.12280735
-0.10391831
0.05528664
0.10104278
-0.27507174
0.09784110
-0.26326254
0.08733179
0.03068193
-0.26853171
0.02264597
0.14997686
-0.16556926
-0.01176894
-0.13775545
0.22722565
-0.01998470
-0.06693036
-0.15639529
-0.03673675
-0.00004842
-0.04479632
0.19528832
0.12997259
0.13742028
0.01714646
-0.13015191
-0.25279808
-0.14371528
-0.03781973
0.31186473
0.05496476
0.45533484
-0.41085762
0.04701790
-0.07333071
-0.05734959
0.09080674
-0.22788604
-0.33470052
0.66812354
-0.03091786
-0.22104138
0.13397199
-0.10653277
-0.01338867
0.24759543
-0.15782502
-0.13875420
0.07734860
0.03435285
0.14357707
-0.04242222
-0.10425458
0.03444088
0.03218953
0.00856723
0.16043815
0.28917351
-0.11698000
0.07810356
-0.12362266
0.01240009
-0.02073963
-0.02534688
-0.11114428
-0.13383159
0.12099812
-0.28081191
-0.02761550
-0.10254835
0.22664228
0.15330838
-0.18783315
-0.08628886
0.13898848
-0.10439010
0.07618286
0.04597773
0.17567559
0.03348687
-0.12431644
0.02921516
0.01111840
0.04643543
0.02378427
0.22812846
-0.02496171
-0.05510959
0.05426330
-0.02656966
-0.23179041
0.00535668
-0.12505083
0.14352363
0.05020254
0.44877556
-0.30840373
0.04915550
-0.12446672
-0.01193711
0.02011987
-0.05091037
-0.29125413
0.55373311
0.20304586
-0.18063600
0.14735645
-0.15767366
-0.14323094
0.10442980
0.04188079
0.05413324
-0.09051745
-0.06791512
0.18480082
0.05286537
-0.04618532
0.04938126
0.08757986
0.15377606
0.11924425
0.28439689
-0.19021580
-0.09994270
0.06731912
-0.07738149
-0.13745357
0.08144750
-0.31366450
-0.07833008
0.02950868
-0.20911548
0.06814690
-0.22253212
0.15340470
-0.00492810
-0.45515704
-0.17377050
0.13588227
-0.05182832
-0.05334028
-0.13556053
0.15614225
0.07540465
-0.05258597
-0.17755216
-0.18655938
-0.07955890
0.13754262
0.26720211
0.09536712
-0.05664486
0.09624536
-0.03330251
-0.23352309
-0.13432328
-0.20164174
0.18123020
0.17046170
0.55814475
-0.40082186
0.04474273
-0.21815515
-0.12908162
0.01474326
-0.06516472
-0.31336129
0.59322363
0.04851275
-0.25930393
0.24490339
0.04343966
-0.03247003
0.08005510
-0.04802029
0.07368757
-0.03123050
-0.13298693
0.27478844
0.01915189
-0.00531022
0.06351998
0.11651767
-0.04756379
0.24277079
0.28026035
-0.26587775
-0.14172742
-0.02609627
-0.01347315
-0.06812686
0.07637330
-0.23289785
0.04982620
-0.01689849
-0.13054910
0.16143455
-0.30412951
0.22243561
0.04377476
-0.37746334
-0.09244776
-0.01676590
-0.01775911
-0.10555043
0.03147647
0.16535236
0.13474748
0.04122673
0.01653443
-0.16703705
0.04109421
0.06034352
0.30505091
0.06218521
-0.01907621
0.13040763
0.01146581
-0.20484817
-0.07388448
-0.09623778
0.29490858
0.09914092
0.37795451
-0.41888845
-0.00152539
-0.14542221
-0.12001889
0.14663473
-0.24363132
-0.34692106
0.58709145
0.15549614
-0.24284433
0.15744656
-0.12152290
-0.13025786
0.14708523
0.02215624
-0.08619075
-0.02114434
-0.07769217
0.06644049
-0.01317372
0.04663047
-0.02292680
-0.01651197
-0.09325759
-0.22299697
-0.12352568
0.25903064
0.05404007
0.15550756
0.10349684
0.01514574
-0.07142066
0.20252390
0.00140409
0.01748579
0.21832640
-0.05563570
0.12335458
-0.11056894
-0.06559692
0.45592925
0.05006996
-0.07880180
0.17967080
0.10337506
0.12349992
-0.21109083
-0.01008664
0.04908493
0.00199266
-0.00657976
0.11449888
-0.14904308
-0.30783901
-0.18596439
-0.00639073
-0.13121082
0.18403904
0.16160892
0.13653073
0.19963399
-0.11129980
-0.09352343
-0.56358463
0.44815296
0.01171604
0.01918012
0.10879883
-0.08220804
0.13224977
0.25327268
-0.52376157
-0.07656150
0.18849321
-0.07294269
0.02686514
0.06557491
-0.25491723
0.17313010
-0.02004781
-0.09543698
0.03900102
-0.17421053
-0.00213385
0.04195910
-0.04466705
0.15998800
-0.02524757
0.15192348
0.21118993
-0.19649230
0.06278273
-0.12625073
-0.12987000
-0.03581759
-0.03950670
-0.13786717
-0.11305032
0.00084559
-0.27325243
-0.01168701
-0.14233214
0.26762313
-0.01558896
-0.23705307
0.07725251
0.08778162
-0.12615137
0.02836148
-0.15005772
0.09309005
0.03990272
-0.14081647
0.01795671
-0.12489691
0.02581491
-0.08536667
0.20695595
0.19862655
0.16456868
0.15458374
-0.09624444
-0.07471074
-0.14429651
-0.14666989
0.17045118
0.08556923
0.42241609
-0.29465157
0.07911544
-0.02244094
-0.14947835
0.04012787
-0.23114978
-0.34109586
0.58962131
0.03163876
-0.16627575
0.19408600
-0.16169161
-0.15232597
0.19350809
-0.11616320
-0.15350367
-0.07836948
0.07031103
0.27949232
-0.05346786
0.03910360
0.20133711
0.00085139
0.02702435
0.09585363
0.31465498
-0.26710686
-0.03887307
-0.04674913
-0.00425468
-0.10685813
0.03070111
-0.15719372
-0.09903355
0.04885688
-0.33175576
0.14808749
-0.26102796
0.24361297
0.09245721
-0.51119924
0.00813541
-0.03495482
-0.12553462
-0.00703236
-0.27216876
0.38196519
0.05343099
-0.04865472
-0.10284825
-0.12369463
0.01343183
0.11454907
0.28277329
0.03681916
-0.00234871
0.20195448
-0.03628033
-0.30479997
-0.05123189
-0.21233204
0.24891935
0.04426387
0.64631104
-0.49633411
0.06408108
-0.21309203
-0.19447166
0.08934163
-0.17451641
-0.24177143
0.66357082
0.18514064
-0.30866700
0.11075224
-0.01159631
-0.05208530
0.16575037
-0.07305944
-0.09041367
0.15019131
-0.06689794
0.44884750
-0.16793574
-0.15478884
0.20045556
-0.00792294
-0.14275736
-0.20203777
-0.15034772
0.08780459
0.02900903
-0.01656866
0.10131803
0.05255843
-0.10216465
0.22443853
0.19651183
-0.02789947
0.16888502
-0.10649108
0.11004797
-0.27754548
-0.02917637
0.21264248
-0.05381363
-0.13432367
0.19706376
0.10814968
0.15391029
-0.25278199
-0.18859532
-0.01258705
0.10112447
0.00348410
0.15080073
-0.00296071
-0.12955773
-0.06106938
0.05729226
-0.22093636
0.18163256
0.22769849
0.15134513
0.03658073
-0.13764805
0.03395506
-0.54656559
0.34340104
-0.07895880
0.07904738
0.06966516
-0.08013273
0.07624175
0.29756263
-0.70510763
-0.02933321
0.31168041
-0.04413909
-0.03506092
0.04126267
-0.10362928
0.01609691
0.05405115
-0.08384191
0.04757404
-0.26970014
0.06445713
0.00925716
0.00901134
0.07001300
0.01853356
-0.07289835
-0.29299498
0.24065244
0.03067936
0.06496621
0.01920770
0.03244064
-0.13835357
0.08809286
0.11344751
-0.14102907
0.17654902
0.00582360
0.25386968
-0.08705755
-0.08696963
0.19265544
0.13378744
0.05826446
0.03107013
0.09173378
-0.04851130
-0.26650658
-0.11321384
0.04163231
0.13174202
0.15977132
0.06193697
-0.11321979
-0.26078799
-0.00105441
-0.02766900
-0.21144439
0.10218681
0.16636787
0.13230592
0.15935560
-0.09019386
-0.09471297
-0.47492754
0.37795860
-0.12644351
0.18490395
0.06797681
0.03334668
0.04544277
0.17445867
-0.45114386
-0.20151436
0.14942287
-0.04656187
0.15510999
-0.07091213
-0.05663496
0.07784059
-0.00678822
0.04495341
0.09374058
-0.29510599
0.15833358
0.17546406
0.02200830
-0.15069351
-0.03346701
-0.05395684
-0.19114950
0.21851316
0.02734456
-0.05262337
0.02845434
0.10063823
-0.10898910
0.25460330
0.08052243
-0.11629391
0.12885123
-0.11212700
0.40320107
-0.22420678
-0.09174497
0.37058985
0.03995650
0.01401974
0.19127119
-0.00769797
0.06766685
-0.39190522
-0.19154669
0.13667676
-0.05251749
0.17313547
0.18055476
-0.13307264
-0.29986736
0.01206834
-0.08509709
-0.07358930
0.12539968
0.23177876
0.11392570
0.00373132
-0.20089614
0.03354763
-0.60555387
0.54639870
-0.01719772
0.09872323
0.18116114
-0.00253961
0.05745529
0.27401960
-0.64026546
-0.06926285
0.34480336
-0.17112026
-0.02468691
0.01367618
-0.26528010
0.12888499
0.11497075
-0.02375554
0.07535207
-0.26259711
0.12127748
0.18764007
-0.15288816
-0.01126144
0.12978908
0.08071216
0.30853966
-0.14648643
0.08589515
-0.05519498
-0.03817640
-0.04518765
0.01483075
-0.28080794
-0.10433899
-0.04215548
-0.20728461
-0.05476066
-0.14675744
0.03766402
0.04797218
-0.34426847
-0.06497552
-0.01963424
-0.18115781
0.04129926
-0.12272355
0.21943547
0.18286373
-0.01707612
-0.12362760
-0.09801909
-0.14719947
0.02616365
0.17191869
0.08379390
0.07778794
0.04036237
-0.11089172
-0.05936022
-0.00354331
-0.14466643
0.16851288
0.12875274
0.52095604
-0.40197366
0.00220919
-0.17147249
-0.16218162
0.12352739
-0.21523832
-0.25501546
0.52447391
-0.03570564
-0.22122273
0.11283209
-0.13665047
0.06023809
0.11184904
-0.01013352
0.03121605
-0.08161359
0.01274592
0.12797697
-0.00197421
-0.13741486
0.11868385
0.06057053
-0.06685855
-0.08943088
-0.11742592
0.09040905
-0.02422080
-0.04610715
0.03782487
0.10371804
-0.09302438
0.12429097
0.06656756
-0.19355190
0.18279581
-0.10099670
0.20934106
-0.19626722
-0.08871710
0.27211186
0.01961872
-0.13530639
0.06785834
-0.04387597
0.04189666
-0.19780536
-0.15518309
-0.08874044
0.06316802
0.06382012
-0.02486469
-0.06052734
-0.15427889
0.02376705
-0.08368072
-0.08430901
0.19947338
0.13661830
0.09297091
0.05676189
-0.14000782
-0.08285774
-0.44588846
0.39638013
0.02652928
0.07224853
0.15994933
-0.11901785
0.07893884
0.15883861
-0.69104773
-0.02366878
0.16712722
-0.18928905
-0.04249705
0.02930631
-0.23198377
0.10821003
0.05381092
-0.04734221
-0.04928820
-0.31612349
0.04797090
0.12294091
-0.15894085
0.03051743
-0.17976715
-0.00930518
-0.26190674
0.25569731
0.06325559
-0.06688187
-0.04944468
0.11633853
-0.15585360
0.15559804
0.17294492
0.00529543
0.24879020
-0.04152789
0.07264691
-0.05740257
-0.08136907
0.35469201
0.08851847
-0.09280109
0.14490493
0.11157414
0.09852882
-0.19903557
-0.17992713
0.01849051
-0.05776549
-0.00545272
0.13601765
0.08388647
-0.16431543
0.02488228
-0.02483943
-0.21099129
0.11127588
0.12995490
0.06627305
0.13146627
-0.22369733
-0.14829767
-0.42570400
0.35434532
-0.06900150
0.02667296
-0.04762733
0.04276349
0.06104536
0.17615789
-0.47459641
0.03854222
0.23359285
-0.04987473
-0.04318829
-0.02543113
-0.21396405
0.13368335
-0.00520412
0.04604786
-0.01190016
-0.12708950
0.01210651
0.01528362
-0.02525500
-0.01376220
-0.19290666
-0.07540068
-0.31158793
0.28217819
0.04058368
-0.02837176
0.19029789
0.12904489
-0.12222461
0.17213964
0.15101571
-0.19006751
0.22098620
-0.13577579
0.18237151
-0.19131725
-0.02417816
0.46775013
0.15743127
0.02964642
0.20552675
0.13143723
0.07416241
-0.33736238
-0.16917339
0.10111552
0.12640718
0.12504943
0.15735899
0.03295803
-0.20847265
-0.05431845
-0.14366838
-0.07804528
0.14059329
0.30583802
0.26796937
0.21482131
-0.26432484
0.05953713
-0.64746594
0.54599631
-0.01707599
0.19338587
0.02891926
-0.10691667
0.27696040
0.18728727
-0.60735738
-0.10696470
0.21117888
-0.05625568
-0.02524782
0.04420995
-0.17441469
0.06215566
0.17520545
-0.02484267
0.15846063
-0.28101909
0.21268310
0.05541319
-0.17346939
0.15540217
0.12263339
0.05572548
0.19673049
-0.08589432
-0.17967880
0.06338089
-0.13940632
0.03259335
0.13494866
-0.14366421
-0.06054534
0.01661000
-0.26535675
-0.03686594
-0.26590219
0.22281371
-0.00854635
-0.51819974
-0.11948030
0.02644998
-0.22342689
0.06571659
-0.15825731
0.14331211
0.06723295
-0.09341563
-0.15534905
-0.03422908
-0.08495866
-0.04002755
0.39104128
0.22019529
0.08503551
0.12724318
0.00037352
-0.16938592
-0.08470989
-0.16534618
0.13806850
0.08477951
0.59974325
-0.35196620
-0.03112184
-0.18703923
-0.04616314
0.11191838
-0.14162150
-0.31764027
0.58881837
0.01907730
-0.30264735
0.23614529
-0.16271360
-0.11032445
0.23104022
0.04943910
-0.07317232
0.11613044
0.01954854
0.35562155
-0.08224695
-0.03245335
0.16244830
-0.04371331
-0.02531649
-0.29397795
-0.30392873
0.10475307
0.15987213
0.02197942
0.11059485
0.16672468
-0.12502620
0.15949795
0.27655229
-0.05022323
0.26174751
0.00267323
0.28651702
-0.17493473
-0.07342841
0.45652714
-0.02761155
0.01031674
0.06743696
0.00477805
0.21511228
-0.36619118
-0.20008914
-0.05512984
0.04581035
0.02379571
0.11260054
-0.05358605
-0.34588268
-0.07331125
-0.21156646
-0.21192193
0.00997518
0.37764812
0.22800988
0.02376366
-0.21418433
-0.10940374
-0.68972689
0.52854872
0.03246694
0.06054087
0.25214151
-0.13377413
0.08726687
0.31541765
-0.86483955
-0.16120183
0.31053326
-0.17281865
0.15017688
0.18417801
-0.34706005
0.23466009
-0.03077468
-0.04580217
0.16909465
-0.41939670
0.10833433
0.22315702
-0.11358353
0.16881096
0.01824803
0.23614198
0.20362775
-0.16436319
-0.15236780
0.00256443
-0.11973931
-0.13581064
0.12971325
-0.14183803
-0.12123779
0.04924053
-0.31692117
0.10586561
-0.13886866
0.21921708
0.14546597
-0.37555394
-0.02871664
0.14305572
-0.21138383
-0.05959368
0.03188055
0.21909633
0.18235536
-0.14140937
0.05826968
0.00538829
-0.14704293
0.01739928
0.12084392
0.18623690
0.05304442
0.08193295
-0.06253882
-0.08777431
-0.18557517
-0.17997557
0.26767936
0.05051881
0.48782054
-0.48659077
0.07024676
-0.02419918
-0.16144054
0.05278502
-0.05262139
-0.27094537
0.70011729
0.13131242
-0.12827231
0.09050717
0.05886392
-0.12819344
0.24491450
-0.12536913
-0.02611994
0.00892397
0.04557793
0.31804508
-0.05424283
-0.06797867
0.13684121
0.00308067
0.05627494
0.12176757
0.21043423
-0.23047420
-0.05264377
-0.07180801
-0.12207809
-0.09731069
-0.04185320
-0.17772077
-0.06963978
0.09120403
-0.24457650
0.06467140
-0.40715447
0.34113848
0.05817431
-0.39881256
0.04509173
-0.05151415
-0.13167180
-0.09010103
-0.08613316
0.37485275
0.16690895
-0.14802215
-0.09115797
-0.00774170
-0.05530919
0.10414297
0.15538667
0.17832543
0.11465101
0.06625883
0.03325967
-0.20846638
-0.12573212
-0.09801872
0.32041794
0.01653572
0.50751215
-0.44627962
0.14240840
-0.04652751
-0.16363774
0.12912109
-0.21107697
-0.35619208
0.57960910
0.09657343
-0.19983433
0.25347131
0.04729005
-0.01814798
0.16964447
-0.13621691
-0.11936086
-0.03671245
0.05510956
0.26044890
-0.02257985
-0.02823079
0.13804163
0.03732158
-0.12663311
-0.14910690
-0.26658916
0.17028908
0.13482106
-0.04656096
0.07682249
0.07080333
-0.11572910
0.20354548
0.04684414
-0.07541068
0.29282147
-0.02940015
0.35470927
-0.17909369
-0.05895339
0.24035338
0.14394578
-0.00895713
0.14879410
-0.07502844
0.05061610
-0.21483253
0.01596745
0.02805003
0.03987519
0.17655559
-0.00619657
0.05530538
-0.30011287
-0.06131255
-0.07348587
0.00309782
0.20760426
0.24815634
0.17320883
0.09122449
-0.27703547
0.01697094
-0.56692433
0.40712455
-0.11367773
0.09744657
0.00073361
0.03981348
0.09737495
0.33308569
-0.52641052
-0.16306157
0.35363001
-0.01587148
0.00468429
-0.07385631
-0.09009881
0.03385014
0.09487823
-0.03006174
0.00072883
-0.17290536
0.13981546
0.12862679
-0.18851645
-0.22765274
-0.02170311
-0.29370499
-0.31353223
0.06527250
0.19212839
0.04403352
0.04248637
0.14124559
0.03240184
0.32496914
0.02852919
-0.20179383
0.16198511
-0.10353579
0.31926036
-0.25422263
-0.19728525
0.50689888
-0.02485839
-0.06901299
0.14989997
-0.00361180
0.06773051
-0.38406885
-0.03678166
0.15260604
0.07308714
0.05602204
0.01281299
-0.13999258
-0.20507248
-0.14053552
0.00318956
-0.05180850
-0.00589008
0.13461201
0.09583252
0.08414546
-0.31736267
-0.14690553
-0.61436957
0.41477823
-0.08808026
0.05158001
-0.01682372
-0.06603943
0.04350704
0.33922297
-0.77001530
-0.18384714
0.31077492
-0.17472610
0.08240101
-0.02750453
-0.24483886
0.01606714
0.05175017
-0.15202230
0.03948754
-0.36348137
0.15817766
0.13341449
-0.17932092
-0.13523516
-0.15879390
-0.07797879
-0.32186055
0.17750461
0.14915656
0.02232746
0.00213372
0.00429387
-0.04657584
0.32272950
0.07925384
-0.16002929
0.31838048
-0.09005154
0.14866260
-0.13466176
-0.12019280
0.30877119
-0.04160358
-0.05513027
0.01055661
-0.01762435
0.09204064
-0.29725966
0.01293443
-0.08085953
0.00148012
0.04493659
0.12992692
-0.00666637
-0.35671058
-0.19571075
-0.04834511
-0.17288327
0.16765071
0.12051035
0.15180252
0.04844743
-0.32257268
0.00123501
-0.38854152
0.48113748
-0.08518018
0.04112339
0.17100722
-0.03724859
0.26374245
0.19125405
-0.72205383
-0.19747268
0.19095179
-0.03195516
-0.03002868
0.03862343
-0.25652477
0.06240399
0.02079518
-0.12096123
-0.01082291
-0.23172881
0.11585150
0.15643361
-0.22092494
-0.02849393
-0.08977387
-0.20603560
-0.10927068
0.15648203
0.14880817
-0.04034252
0.05523564
-0.01397497
-0.08506643
0.14069054
0.17622706
-0.09076311
0.34497616
-0.02968138
0.18076865
-0.26167554
-0.11350040
0.37700772
0.00929838
0.02503216
-0.00586102
0.10567830
0.05128220
-0.18577465
0.04807982
0.10669193
0.02022033
0.04111236
0.13586666
-0.07792584
-0.21648806
0.00181057
-0.06605748
-0.14585555
0.04511559
0.09857772
0.20027405
0.04910129
-0.31079069
0.05753474
-0.49553967
0.45546895
-0.07002817
-0.02397493
0.15914460
-0.05277747
0.19718905
0.23212066
-0.73431975
-0.12597303
0.29543495
-0.01346329
0.01621597
0.16245490
-0.07042629
0.13261695
0.14007692
-0.10136422
0.10396150
-0.27409807
0.15142646
0.11185472
-0.03546235
-0.24565488
-0.03348280
-0.24041882
-0.21286441
0.18130738
0.17416620
0.17284632
0.11049681
0.06928906
-0.15484971
0.29779363
0.13807681
-0.11163495
0.30870387
-0.20753153
0.46095288
-0.20843638
-0.24168096
0.45287639
0.11745513
-0.06649335
0.25134417
0.08970097
0.19534218
-0.36870795
-0.00224268
0.06403298
-0.03580312
0.01895937
0.10722619
-0.02098319
-0.35540617
-0.24498780
-0.09051049
-0.15734833
0.21859917
0.40758491
0.20253637
0.03284625
-0.32229054
-0.16908821
-0.62724549
0.44127300
0.00898797
0.03933912
0.17923185
0.01366791
0.15202953
0.29240501
-0.82389355
-0.05377094
0.30506185
-0.10136215
0.02734013
0.12252369
-0.39811891
0.23676632
-0.02409544
-0.12578648
0.10875438
-0.51985961
0.15948834
0.23662478
-0.18087377
-0.15660125
-0.15118232
-0.24043392
-0.18803158
0.12577161
0.17591704
0.14297599
0.12451421
-0.02976000
-0.04958821
0.10176755
0.19205163
-0.02875847
0.33100420
-0.16464067
0.43962726
-0.16217814
-0.19896162
0.42443678
0.11967902
-0.05314337
0.17735964
0.15817064
0.22101909
-0.22251885
-0.06623504
-0.05173619
0.04293842
-0.03484704
0.19174394
0.04829291
-0.26919478
-0.11504423
0.03119081
0.00377478
-0.02195902
0.32436037
0.27972180
-0.01421296
-0.23838267
0.02276606
-0.61306161
0.54922688
-0.11170021
0.00334889
0.22937915
-0.20010884
0.15920290
0.34792125
-0.81560916
-0.11723794
0.27815744
-0.13955523
0.12994948
-0.05412181
-0.31750861
0.19315115
0.17533550
-0.04889077
-0.05082771
-0.39481252
0.01051725
0.13101186
-0.06033095
0.24482624
0.15152763
0.18810745
0.34637964
-0.27203318
-0.08524890
-0.18212870
-0.16188076
-0.20546138
0.16371329
-0.31095225
-0.19834295
0.23908405
-0.15142119
0.19569907
-0.34129393
0.18282138
0.11064443
-0.50483513
0.05286318
0.05038466
-0.10198628
0.00382739
-0.30284515
0.23871562
0.21555924
-0.17218441
-0.08078837
-0.14678743
-0.03136830
0.01777204
0.37903321
0.22188015
0.01343754
0.00405088
-0.15334710
-0.14413606
-0.07868534
-0.20324749
0.27202499
0.01991041
0.50837326
-0.37798792
0.06362361
-0.09444461
-0.04003956
0.19109435
-0.21486486
-0.33785304
0.80417657
0.00986924
-0.36201513
0.11244709
-0.17252192
-0.02858615
0.14055832
-0.12997104
0.01673872
-0.04380659
-0.12896894
0.32554623
-0.26094118
-0.06518786
0.06257451
-0.18249774
-0.05193988
-0.13954054
-0.15243572
0.24877954
0.10865646
0.03231181
0.08358523
0.06490900
-0.15976483
0.36108702
0.30465320
-0.19161324
0.19725008
0.00788383
0.33798230
-0.36374313
-0.07272655
0.49434978
0.00748801
-0.14889838
0.25645810
-0.02261270
0.26463455
-0.20828485
-0.14822486
0.18033242
0.05380179
0.15464035
0.15264580
0.00746435
-0.25729468
-0.11926884
-0.17176138
-0.18704388
-0.00969016
0.39488298
0.08890016
0.12408131
-0.41067111
-0.02720735
-0.63754708
0.51065236
-0.03242454
0.08586736
0.15191138
-0.19818093
0.23448180
0.39607763
-0.83095163
-0.25403506
0.31508303
-0.14619716
0.18490693
-0.00420244
-0.36628735
0.05051951
0.10157293
-0.08077514
0.02854781
-0.45625857
0.14759855
0.05914612
-0.08288880
-0.05808653
-0.09299594
-0.23818249
-0.15846504
0.11998840
0.16296215
-0.03884941
0.08466564
0.07543125
0.03892478
0.11698350
0.11853857
-0.04824748
0.23028642
-0.13287210
0.33167380
-0.17259516
-0.17714995
0.41374683
0.03441576
-0.17991693
-0.00998235
0.16073112
0.07609949
-0.11674813
-0.15840589
0.03289962
0.15954283
0.01850039
0.00168217
-0.05973085
-0.14542335
-0.20624697
-0.11132184
-0.03761165
-0.00197809
0.30356994
0.14917772
0.07569107
-0.18045260
0.06617700
-0.58511823
0.28375357
-0.15391533
0.04605576
0.18318237
-0.12183848
0.16204385
0.16258292
-0.68658525
-0.06308955
0.37356722
-0.15351368
0.10580825
0.02298458
-0.22006445
0.16621745
0.01250995
-0.12964760
0.04548832
-0.36793083
0.19138074
-0.00559716
-0.11742390
0.05128774
0.00373372
0.21861994
0.19507478
-0.18402670
-0.00188713
-0.13268472
-0.17074260
0.04815478
-0.00540250
-0.15733272
-0.04250640
0.16341822
-0.22137852
0.04927247
-0.33610484
0.24688773
0.12259510
-0.33339977
-0.08510045
0.00708937
-0.21047987
0.08391787
-0.16559820
0.31283364
0.04699660
-0.04555420
-0.04588958
-0.09527913
-0.15125711
0.05917038
0.24414688
-0.02713075
0.06302075
0.07268807
-0.18646927
-0.29304492
-0.00932003
-0.14345898
0.17496741
0.10295565
0.48631331
-0.50034004
0.10611376
-0.06469806
-0.14074491
0.00985587
-0.15591672
-0.34606543
0.76050866
0.15665074
-0.23369125
0.17085986
-0.16264591
0.01889156
0.29053733
-0.08236857
-0.07384841
-0.08909784
-0.12413356
0.33840999
0.03375341
-0.16797014
0.00197535
0.01138934
0.08746874
0.22619630
0.19519727
-0.05985036
-0.09017897
-0.04037182
-0.01621006
-0.12755319
0.04031260
-0.06614175
-0.00010362
0.00073783
-0.26484072
0.10097468
-0.19342147
0.16216207
0.13067171
-0.17580508
-0.06438825
0.06769448
-0.11575136
-0.13093176
0.04933948
0.23763208
0.11272641
0.03827725
-0.00456429
-0.16621335
-0.14702635
0.01389234
0.17508124
0.04474549
0.15376996
0.05917770
0.04116308
-0.22375464
-0.21905956
-0.03076669
0.14523974
0.10825712
0.30870602
-0.25516734
0.02021060
-0.00569356
-0.06763256
-0.06058562
-0.10902727
-0.29607877
0.67810303
0.10650703
-0.31768981
0.00794199
-0.02646422
0.05448802
0.10380336
0.05110720
-0.12101892
0.01696693
0.00086904
0.19774882
-0.15043414
0.01258124
0.00176302
-0.24187760
-0.16223194
-0.08428344
-0.18424532
0.06918386
0.02754111
0.11087792
0.08243228
0.19968291
-0.16087738
0.34072912
0.19668232
-0.09955364
0.32600307
-0.11022817
0.39606392
-0.15610535
-0.14113620
0.50772852
0.02758943
-0.09112416
0.20764808
0.16719867
0.20663475
-0.40624732
-0.02710770
-0.06487826
0.18536498
0.09328195
0.15246250
-0.16439018
-0.18702585
-0.01226895
-0.00451861
-0.05493313
0.17828721
0.15475650
0.20052667
0.06962677
-0.15650092
0.04732809
-0.59722424
0.59912080
0.01250407
0.15435018
-0.00298198
-0.15393072
0.21688296
0.22612099
-0.72121757
-0.23598452
0.45788261
-0.15822780
0.06846287
0.03441487
-0.21976137
0.19414018
0.17205881
-0.11981328
0.03215335
-0.32063317
0.24467835
0.03361199
-0.08183602
-0.10458488
-0.03383008
-0.01974327
-0.20110562
0.21093552
0.11644544
0.10003984
0.12886126
0.11835273
0.05078040
0.06259391
0.00227271
-0.18445952
0.26043195
0.03615900
0.07637091
-0.14779782
-0.08984345
0.33853832
0.07162028
-0.00966662
0.15018347
-0.01364096
0.06835011
-0.27129620
-0.16056800
0.13358900
0.08112175
0.14851813
0.01868682
-0.15555991
-0.26854149
0.01534541
0.03444803
-0.23091462
0.10788883
0.06154226
0.10542902
0.01021046
-0.09506219
0.04625030
-0.34158307
0.40341729
-0.10931072
0.00429979
0.06501374
0.07260065
0.25463247
0.34095743
-0.54846257
0.00710663
0.32281169
-0.15791886
0.03936891
-0.02137909
-0.07410291
-0.00047838
-0.03376809
0.08003633
-0.06928749
-0.10036541
-0.00050364
0.05281183
-0.07473835
