1010010000111011
0010011100011000
1010110101010000
0010100101111110
1010000010100101
1010010111100010
0010011100111000
0010100010000100
1010100011000001
1010010001001100
0010110111100101
0010101100101110
0010110011000111
1010111010110111
0010111011000010
0010110001111101
0010011011011011
0010111110101010
1010010010001001
0010111000101100
0010010100111101
1001110101100110
1010111101000101
0010110000101100
0010110011100101
0010101011001000
0010100010101011
1010101011111110
0010101100100000
1010010110000111
1010110101101110
0011000000101111
1010110110000101
0000111110100011
0001111011100011
0010001101001010
0010111010101111
1010011011010111
1010111101110100
1010101010100110
0010101110001000
0010011101101111
0010101011101010
0010100000101100
1010110011110111
0010110101110000
0010111110010010
1010100111010110
0010100001110010
0010111011000101
1010110101100111
1001111000000100
0010010100110000
0010011010010001
1010101001100000
1010100100011000
1010110100000101
0010110011100001
1010111000101010
0011000000101111
0010110101100001
0010100000100101
1010111000100101
0010111100010110
