0.73775387
-0.02474542
-1.52920854
-1.11549973
0.46268767
-0.42377850
0.74959993
1.77212214
1.57263041
-0.04391254
0.65220195
0.64493984
-1.55303597
0.51917040
-1.44137788
-0.90853637
1.06452525
-0.54476494
-0.27211288
0.72056955
0.40509045
-2.32896590
-0.32651243
-0.29884785
-0.97488141
-1.74826610
-0.51589733
0.47473165
0.58331543
0.27343759
-0.66322565
0.03294950
0.19203086
-1.93211424
2.60837531
-0.45321259
-1.49091804
-0.99149615
-2.24384022
0.32828853
-0.44068205
-1.69069672
-0.59874302
-0.81515574
0.80950969
1.42754304
2.01601529
-1.39227140
0.76524413
1.81666017
1.36838531
0.22469649
-0.33634523
0.30533305
-1.40103912
0.97717166
0.22190976
0.73474848
2.20737386
0.99434233
-1.02351308
-0.01692541
0.36873603
1.38921285
0.49489880
-0.89737439
0.16955487
0.26268739
-1.76780939
1.09682763
0.72881687
0.03325796
0.09289798
0.03325069
0.77319062
0.79154670
1.27150095
0.65491092
-1.89745462
-0.53448957
-1.81372893
-0.02307695
-0.27209178
-0.09225257
1.46144915
-2.47552037
2.09414554
3.22525859
-0.48953706
0.31099498
0.38628301
-1.32793152
0.57363313
0.55030161
0.99299592
-0.14668433
0.12215972
1.24291623
1.56322098
0.89094013
0.99075633
-0.56377417
-2.58485389
0.29714090
1.28407943
2.07993364
-1.16590428
0.83907431
0.96564919
-0.60878849
0.00654336
1.41362691
-0.94615090
-1.14237177
-0.70343840
1.37525856
0.26085401
-0.42324901
-0.00423285
-0.18232754
1.65231287
1.24081230
-0.08704598
-0.01126854
0.08414083
1.02587879
1.53458583
-0.48242494
1.21954608
-0.40124723
0.47174278
-0.90550911
0.48346698
-1.07841086
-0.29357338
-0.90812021
3.08814716
1.32011104
0.71248490
0.03693749
-0.21785742
1.50243068
-2.03722095
2.01794171
-0.05320087
-0.16627795
0.05914782
1.22879195
-0.32854879
-1.24858594
-2.37640166
-0.75762129
0.10961878
1.17396474
-1.66750658
-1.83028948
0.18556446
-0.24237329
-0.42030376
0.50272387
-2.15893006
-1.74297798
-0.84178865
-1.06772780
-0.23776522
-0.95732456
-0.99598229
1.47856081
-0.60221916
-1.63513339
-1.72666800
0.20750694
1.77409506
-1.05340600
0.12719040
1.28431821
-0.36962551
1.07276249
-0.79534054
-0.07534043
-2.24040127
1.69454765
-0.19004221
1.16742802
-0.05518563
0.78474247
-0.92453051
-1.11223876
-0.14134151
1.27276969
0.17793080
-0.68253487
-0.63072777
1.43535721
-1.16948998
-0.56754601
0.37848383
1.47108328
1.19315362
-0.98163521
-0.88221979
-0.34495723
-1.41904724
0.45451981
-1.24122477
0.03217483
-0.08431729
1.05597746
-0.69562328
-0.16487700
1.98843181
-1.89994287
0.60658473
-1.07513857
0.99933285
-0.04241188
-1.40711069
1.56073451
-1.42767274
0.74187833
-0.80090684
0.55798960
-0.78809065
1.20587254
-0.88002717
-0.95877892
-0.77242720
1.10813487
-1.70929658
0.23593037
1.28921032
-0.90075547
-0.09378458
1.18182552
-0.59933227
-1.55699801
0.92457080
1.91617370
-1.24566007
-1.57790267
2.03958344
2.94433403
-2.11600614
1.57134604
-0.51350594
0.18416522
1.34520411
0.47520348
0.94175059
1.48925805
-0.47801685
-0.76569784
1.54918802
-0.30618241
1.64943933
0.70766455
