-1.22932744
-0.92392522
-1.05935967
1.35926783
1.06773233
0.09599462
0.79915076
0.81268823
-1.81144130
0.89777768
-0.73218518
-0.07196168
1.04087245
0.20220876
-0.76637101
0.04442002
0.77560586
-0.01826969
1.36089969
0.20677596
1.11389148
-1.55837202
-0.47041702
0.23311001
0.80118477
0.45151749
1.04551172
-0.37618175
0.65679210
-0.37878513
-0.56371027
1.29381585
0.43780315
-0.31577092
-1.58641613
-0.89849591
0.41338697
-1.65692568
-1.64624417
0.18596968
1.21093619
0.49350986
-0.49446920
0.11628589
0.24977480
0.00309931
-1.07448316
0.81914568
0.61594903
0.08022396
-0.79220980
1.19409704
-0.70432001
-0.41896912
0.08938444
1.13218677
-0.09425391
1.33308184
0.18477966
-0.53807032
-1.47235048
-0.51637423
1.15220094
-1.34261513
