0010111110110111
1011000100100101
1011010011001111
0010110000001011
0011000101001100
0011001001110010
0011000101111110
1011000110011111
0010011110011011
0011000010101000
0010111110000110
0011001101000010
0011001001011100
1010101110001100
1011001100010110
0011001100100100
0011000110110000
1011001000010010
1011000110001111
0010010110110000
0011001100011000
1010101110100011
0010101101110010
1010010101001111
1010100011111000
0011000111001111
0010101011110111
0011001100101100
0010111100110000
1010111100100001
0011001010110010
1010111000010111
0010110000101010
0011000011010010
0011000101010011
0010110111101111
0011000101010001
1011000100110100
0011000010111100
0010101010010001
1011001000101010
1011000100111110
1011001000101100
0011000110100111
1010111010111001
1011001000111100
1010010001001101
0011001000001111
1010100011000010
0011001000101110
0011001010111010
1011000110001100
1011000100000001
1011000100110111
1011001001000011
1010101111010010
1010110010010010
0010100111110111
1010111001001000
1011000100111010
0011000010011011
0011010000000001
1011000000011100
1011001101100010
1011000100101100
0011010010000011
0010110111001001
1011000011101110
1010111001000011
1011001011001101
1011000101001000
0011001010001001
1011010001000111
1010111101101010
1011010100011000
1011010000110000
1011000000111000
0011001011011011
0010111101100100
1011000011100011
1010111011010001
1010100000011110
1010100100100001
0011001000100011
1011001101011101
0011000011011101
1011000010011111
0011010000001101
0010111111101010
1011001011000101
1010101111000110
1011000001001001
1010111111100011
0011001101001011
1011000110010001
0011000010101000
1011001100010101
1011001000110001
1011010010001111
1011001001001110
1011001000101000
0011000100011101
1011010000001011
1011000111101000
0010111100000010
0011000111010100
0010110001011011
1011001010110000
0011010001110011
0011001101110010
0011001110011000
1011000011001111
0011000100101110
1011000010000100
1010110111011000
0011000010010001
0010110110101101
0011000101011000
0011000010010100
0010110111001000
0011000110100011
1011000010011111
0010111011001101
0011000001100000
1011000111001001
1011000100111000
0010110010000110
0011000111110100
