0.23032609
-0.56873769
0.96952951
0.75849342
-0.94073582
0.09806112
-1.05319297
0.79562473
0.07364729
1.30017173
0.30499023
-3.19022298
-1.85204685
1.69899094
0.61013824
-1.00590026
-0.59029865
1.06385183
0.68671525
0.27759078
0.33555296
-0.06896397
-0.21938431
-0.31955904
0.06148492
0.63253087
1.33614409
0.91922778
-1.97788930
-0.52247471
2.11630249
-0.11780206
-0.95240307
-0.18558602
-0.04702765
-2.26008606
0.65157992
-0.00328497
0.01698771
-1.56604016
0.24550591
2.66756392
0.35154790
0.65537596
-0.55187011
-0.97581553
-0.33671314
0.64759940
0.28048611
-0.71291971
-1.43324625
0.67182195
-0.56658196
-1.08223212
0.38147306
0.03583504
-1.45255017
-0.37548652
-0.22973807
-0.05446371
1.55758595
1.24498677
-0.14641719
-0.97390646
