-0.03896327
0.13316567
0.03529193
0.00287309
0.04515471
0.04808282
0.01015440
-0.12670292
0.01902198
-0.02309570
0.05651232
-0.13396129
-0.05207092
-0.00490636
0.05859283
0.14971538
0.20140408
-0.01391894
-0.17671134
-0.09814779
-0.13048798
0.00405056
0.03519294
-0.12189275
-0.13047731
-0.05117661
-0.08171095
0.12895586
-0.15950912
0.10194474
-0.07079573
0.15770046
0.06215402
0.15809713
-0.00496665
0.22930831
0.15738072
0.01525264
0.02671709
-0.02572134
-0.03257187
0.17302947
-0.03101974
0.10556560
-0.05846752
0.18081731
-0.01897516
0.05298502
0.11446634
0.13322002
0.08891799
-0.03035066
0.02829494
0.06526976
0.14011717
-0.01435832
-0.07626917
-0.18628038
-0.10265665
0.03411977
0.11008736
0.12736690
0.02725691
-0.09060714
0.01609457
0.06490453
-0.03747030
0.00770366
0.02964810
0.04302659
-0.02865558
0.01216834
-0.01972061
0.02834595
0.00347416
0.06724434
0.10036656
-0.08092429
-0.15179856
0.15043238
0.12101253
0.10614779
-0.06877448
0.05017916
-0.11200392
-0.09762704
0.02007327
-0.14206213
-0.03166930
0.05845339
0.03963713
-0.12785935
0.05282804
0.13961393
-0.10632376
0.15924592
-0.10101929
0.02520129
-0.01449093
-0.09688335
0.16994011
0.12341686
-0.11154351
0.21000698
0.01717159
-0.03988218
-0.02594754
-0.03180169
-0.12635408
0.01578150
-0.11436960
0.05155855
-0.04157362
-0.11804608
0.02076227
0.15596256
-0.09452974
-0.08843394
0.04724857
0.11695234
0.10850508
-0.07108151
-0.06341014
0.00954021
-0.10262085
-0.13100550
-0.13235433
0.00217337
0.01716870
-0.17503439
-0.11361725
0.00049133
-0.08164617
-0.05649346
-0.13758391
-0.03623938
-0.12308428
0.06008444
-0.08310371
-0.06758592
0.09381087
-0.04435600
0.10896557
-0.22097661
-0.20205557
-0.07240296
0.23817167
0.22518329
0.21809766
0.11879187
0.12181056
0.11656088
0.01387660
0.26086256
0.14673859
-0.17888150
-0.01547933
0.09579115
0.05494348
-0.13267954
-0.05240021
-0.03969919
0.17764953
-0.03357422
0.11171243
0.00748927
0.07414525
-0.34923205
-0.25527391
0.02161800
0.09054230
-0.11148871
0.19195738
-0.08322191
0.07054962
-0.05840288
0.04821195
-0.13248529
-0.18693933
-0.02790174
0.10266589
-0.05178433
0.08452107
0.08318565
0.08598653
-0.00370385
-0.08382686
0.01494215
-0.15830466
-0.02471175
-0.13927288
-0.08530946
-0.12218037
0.01661591
-0.03679072
0.07406870
0.09760023
0.14942965
0.17983089
0.08990254
0.08052083
0.05166015
0.04671577
0.13291225
0.01804359
0.11812870
-0.21817729
0.10810896
-0.18799625
-0.03214242
0.04899163
0.01473115
0.00027101
-0.01053993
0.03728881
0.08435597
-0.00160926
-0.00382642
0.01102222
0.06027549
0.19120938
-0.08280589
-0.01803484
-0.00291404
0.03457389
-0.06824903
-0.05998114
-0.21634629
0.06804135
-0.08610278
-0.08387121
0.00253893
0.21592809
-0.06274255
0.08669133
0.07789912
0.00847440
0.08692927
-0.04754419
0.03904053
-0.02590805
0.09316081
0.06767067
0.12904508
0.01904032
0.12911059
-0.00967723
0.18556322
0.21844074
0.14788881
0.07365537
0.01740742
-0.01697929
-0.00089981
0.16334215
0.08927668
0.10440081
-0.11371511
-0.07212117
-0.17576914
-0.03921828
0.05873792
-0.07074724
0.03913940
-0.08335464
-0.09435400
0.05485380
-0.13666089
0.07254805
0.18606026
0.16788100
-0.17845312
0.05306650
0.14896147
-0.06071765
0.04727084
0.09551011
0.10657832
-0.00663090
0.05770416
-0.03525095
0.01563358
0.09956588
-0.00186874
0.01195685
-0.01194212
0.06945018
-0.14705449
-0.17149247
-0.11431459
0.08958758
0.10590090
-0.14733005
-0.07124945
0.01679483
-0.23271191
-0.09692490
-0.07765163
-0.17428748
0.01549696
-0.02749832
-0.05768479
0.02892686
-0.04192314
-0.07254423
0.03361698
-0.13803411
-0.17678444
0.22508322
-0.05967325
0.08350788
-0.18305808
-0.07176907
-0.01186900
0.02088561
-0.02520156
-0.08013904
0.09227569
-0.11487151
-0.11440918
0.05015988
0.07429022
0.03841316
0.01888257
0.03482447
0.00636589
-0.00643354
0.01365020
-0.07485340
0.01980694
-0.00075716
-0.11874972
-0.03268814
-0.12577260
0.22238809
-0.07642777
-0.09094395
-0.03015113
-0.05099756
0.00346004
0.08621575
0.08580833
-0.12290818
-0.02606714
-0.07639775
0.18092178
0.14933421
0.06166659
-0.12183587
0.00775412
0.19674549
-0.20334813
-0.12700178
-0.14273590
0.02097510
-0.09408230
-0.01066873
0.07732308
0.17352901
-0.17649284
0.05297277
0.05462632
-0.17633815
-0.04763941
-0.01236142
-0.04788011
0.16827227
0.06360315
-0.12025757
-0.15622608
0.02693567
0.00945268
0.18196280
-0.09715441
0.10673092
-0.15000957
-0.14387161
-0.02905190
-0.08868945
-0.00588736
-0.09312051
0.16587813
-0.05082829
-0.05527319
-0.15266931
-0.15006244
0.01745101
0.04726331
0.08874041
-0.00633189
-0.07815336
0.11219896
0.04000773
0.13424560
-0.11244731
-0.08141733
0.02237113
-0.01169096
0.00483867
0.01807017
-0.08746080
0.05143804
-0.03524588
-0.06272920
0.02247103
-0.06985818
0.08981130
0.08914704
-0.08174422
0.14198330
0.06028954
0.13424303
0.13586703
-0.11391552
-0.06981456
0.16538441
0.10756995
-0.00379031
-0.03338578
-0.04033115
-0.03210613
0.07182708
-0.13985233
-0.03884764
0.17121957
0.11615396
-0.00276090
0.11842892
0.00641315
0.09318436
-0.03961523
0.00741307
-0.07313613
0.03618039
0.05540767
-0.06821654
0.07883748
0.11462190
-0.02448037
-0.00843441
-0.06820749
0.04339834
0.01237464
0.01330915
-0.11675630
0.09158952
0.14203478
0.14542611
-0.20176545
-0.00549622
-0.11987109
0.00553670
-0.03910910
-0.02531719
0.09781196
0.09284294
-0.01292356
0.11936104
0.20878358
0.09436977
-0.05477857
-0.08192524
0.13118935
-0.03269365
-0.16092318
0.13421644
0.12463735
0.03220708
0.00731826
-0.05668034
0.00166423
0.17597301
-0.11521354
-0.01134368
0.11013874
-0.07504679
0.14390150
-0.14815630
-0.04615271
-0.11985552
-0.03034721
0.05014012
0.15682454
0.02613181
-0.20729117
-0.06546593
-0.05453310
-0.08992403
-0.06690557
0.08740146
0.06107341
-0.03284568
-0.03360322
-0.31775737
0.15082939
-0.01564672
-0.16663444
-0.18471843
-0.09827859
-0.24269237
0.05083667
0.10170604
0.05936151
0.03912574
-0.24357797
-0.04278085
-0.06424580
0.14341144
-0.01028118
0.13739139
-0.03852152
0.10477380
0.04962092
-0.09489921
0.11475433
0.01871751
-0.11576906
0.10636121
-0.06324608
0.01758792
-0.04997138
0.18900333
0.09312529
-0.16023193
0.07884619
0.09363709
-0.02295621
-0.01660096
0.07903294
0.14628148
0.03819134
-0.04172606
0.09231740
0.01719780
0.05351853
-0.13546956
0.02724394
0.18395522
0.10872957
-0.03009344
-0.13327689
-0.05670738
0.12811999
0.08760771
0.00411694
-0.15074654
0.12216681
0.12783718
-0.06164146
0.17136899
0.14251536
-0.28443953
-0.06190515
0.13526231
0.12571825
0.03950472
0.15581532
-0.09815972
-0.07012594
0.15027583
0.02713708
0.08295516
-0.06944874
-0.05933362
0.18722326
0.04270301
0.03041121
-0.10474771
0.04623812
0.07802415
-0.10935090
-0.00198785
-0.14360765
-0.04873142
-0.09105258
-0.10616582
-0.09250068
0.10276337
0.04405260
0.10419855
-0.07069691
0.09119502
0.14299917
-0.09078344
0.08028337
0.08091974
0.03234248
0.09542638
-0.04840990
0.08850313
-0.04638002
0.00311060
-0.07295410
-0.09773647
0.13141027
-0.01290733
-0.02161332
-0.06261469
-0.10063785
-0.07237738
-0.04010286
-0.05834026
0.09740558
-0.04105355
0.13360681
-0.02500131
0.05534786
-0.06073232
-0.06236705
-0.02510261
0.07769688
-0.00288933
0.18203038
0.19425733
-0.02248234
-0.11056170
-0.08164987
0.03742684
0.02231216
0.00482543
0.04530029
0.06761646
0.04935404
-0.06106687
0.10931652
0.12071194
-0.17475539
0.11154848
0.03458441
-0.03870665
-0.08148097
-0.07566221
0.01844774
0.06259760
0.07156993
-0.08771399
-0.24659212
-0.08471826
0.03116596
0.08460908
0.03516584
-0.02694885
0.04805624
0.06919739
-0.10358168
-0.01867563
-0.09100254
0.05783517
0.06488851
0.11165945
-0.06649076
-0.06799013
0.03148172
-0.04881578
0.04544339
0.04359647
-0.18448104
0.09938269
0.13120551
0.04829611
0.03533970
-0.08791652
-0.02386387
0.03967840
0.13785435
0.17337933
0.10805124
-0.11211282
-0.01399522
-0.02586222
0.21358019
0.02786892
-0.08262961
-0.08420262
0.06166437
-0.05297638
0.09465025
0.13032445
0.00195558
-0.23755658
-0.00638509
0.08744920
-0.05994328
-0.01741716
0.04053773
0.05029602
-0.07857691
0.16156806
-0.08631208
-0.00414454
-0.04392160
0.00376886
0.02122411
-0.10072792
0.09124878
0.13332437
-0.04345817
-0.01615515
0.02320566
0.14812866
0.01690326
0.06813440
-0.06260652
-0.02282154
-0.09075268
-0.07310372
-0.17020328
-0.03781871
0.10768393
0.05396152
0.10128894
0.10568745
-0.16180745
0.08190751
-0.09267457
-0.08067969
0.07499807
-0.04526666
-0.16892174
0.11145602
-0.07063508
-0.05382470
0.04088353
-0.02434700
0.05219097
0.09523485
-0.13929811
-0.01035843
0.00811109
0.03572844
-0.00638677
0.04310459
-0.03183305
-0.05820798
-0.04842671
-0.02735075
0.08113447
-0.00784868
-0.09480756
0.10187860
0.05361252
-0.15192245
-0.18863828
-0.03770706
0.10531709
-0.04491049
0.05802158
0.04085306
-0.03328145
0.12465879
0.04687535
-0.11553473
0.13991126
0.04036707
0.03464787
-0.01400789
-0.16333580
0.05274956
-0.14264780
0.05408876
0.01971310
0.08297194
-0.07704005
-0.13256364
0.01143217
-0.08925933
0.02697721
0.07902928
0.19306065
-0.02501555
0.15064754
0.06387734
-0.13343105
-0.02482775
-0.03845543
-0.08950043
-0.01202785
-0.00638980
-0.02314269
-0.06010846
-0.01224339
-0.08054812
-0.06295417
0.03979626
-0.02833220
-0.20555663
-0.14460237
0.00053829
-0.17498243
0.08778577
-0.06651340
0.00012981
0.10933042
-0.03455505
-0.14326508
0.04688332
-0.04625856
0.00150060
-0.09660179
-0.01814860
-0.08690286
-0.02893554
0.06972715
-0.00806560
0.07768083
-0.14171407
0.09283567
0.16675271
0.09765496
0.06301156
-0.07291330
0.10628567
-0.06580948
0.04305318
-0.10578550
-0.06924206
0.04892989
-0.16708502
0.01364881
0.13317458
-0.05063863
0.15241301
-0.06634407
0.02397914
-0.03720427
-0.07606726
-0.13347761
0.04067916
0.00383758
-0.04151251
-0.04349361
0.02049356
-0.24769388
-0.07356694
0.03044107
0.04998698
0.05577933
0.05331126
0.05204714
0.12160050
0.01122849
0.10533340
0.01953689
-0.17289884
0.03922471
-0.09520888
-0.09678654
-0.22422029
-0.08338263
-0.10123061
0.07439853
-0.02600916
0.12383512
0.12538962
0.04576817
0.00770483
-0.01895168
0.12249967
-0.06358497
-0.07453751
0.02394547
-0.12098184
-0.07530395
-0.07877517
-0.11153080
0.05533684
-0.04071060
0.12246365
-0.05098815
-0.07199729
0.02560433
-0.22648756
-0.12670542
0.13606751
-0.10488422
-0.04823312
0.02062794
0.06054004
0.02401576
-0.09019443
-0.07520937
-0.17515613
0.08657618
-0.10588943
0.02138257
0.02378339
-0.01389562
0.07125220
-0.02283958
-0.06203708
-0.08902347
0.08453958
-0.13041586
0.14119844
-0.06293509
0.01652079
0.06734301
-0.17971747
-0.16635542
-0.01346573
0.09521947
0.07155740
-0.13229926
0.17008334
-0.00871729
0.06333411
0.01662046
-0.12870537
-0.15087122
-0.15240963
-0.08417957
-0.01193258
0.01551917
-0.03524935
0.06070724
-0.06311255
0.17677842
-0.04399363
-0.15485187
0.02929085
0.07818727
0.18683754
-0.04081940
0.10409566
-0.07275307
-0.10482556
-0.00404260
0.04801494
0.00348501
-0.05049735
-0.15035221
0.02372333
0.00990772
0.06850359
-0.10052444
-0.06838745
-0.00175108
-0.10110864
-0.00891858
-0.05244111
-0.08179554
0.07871259
-0.13411467
0.02571122
-0.02666776
-0.00912835
-0.01928197
0.12972829
-0.09535211
-0.13952638
-0.01098064
0.05133262
-0.04462572
0.04997584
0.07236597
0.02936786
-0.00701646
-0.03171115
-0.01356117
0.10628497
0.25193176
-0.02737727
0.09199532
0.09710293
-0.01363987
0.10985304
0.05510719
-0.00065478
0.10947088
-0.12019654
-0.02046420
0.07388255
0.00286956
-0.12049840
0.08481587
0.10478737
0.07929940
-0.07519739
-0.15481126
0.05387507
-0.14094174
0.00134149
-0.04188382
-0.05062464
0.02271746
-0.04408963
0.08942195
0.08450402
-0.13464640
-0.00659479
-0.12039544
0.04737296
0.11314867
-0.05634835
0.10699462
0.02487407
-0.06224038
0.06107880
0.08969540
0.03119586
0.04616830
-0.04987045
0.05043190
-0.13110669
-0.13659486
-0.07183776
-0.02340130
-0.01629569
0.10848020
-0.06507627
0.05298196
0.07558468
-0.04897649
0.01325239
0.13388063
-0.15313233
-0.02911981
-0.05013199
-0.05799855
0.01415596
0.04512686
-0.14153673
-0.11862867
-0.10975461
0.00559634
0.10774168
0.06618851
-0.19080570
-0.11032896
-0.05192062
0.08092374
0.21405603
-0.22894034
0.07880440
0.16371080
-0.03859232
0.04425154
0.10163616
0.08928971
-0.08698961
-0.00883930
-0.06679325
0.14067429
-0.00571686
0.06957766
0.07205957
-0.15696198
-0.13133971
0.03723933
0.01656960
-0.00061135
0.08762041
0.06860892
-0.15133630
0.00431692
0.11642166
-0.05864742
0.18274906
-0.10079889
-0.03701402
0.01687813
-0.08221948
-0.05075832
-0.24110965
-0.00597279
0.07272299
-0.13316496
-0.03908638
-0.01600033
0.00197872
-0.12349669
0.08366489
0.03853042
0.04958630
-0.07437703
0.00835968
-0.06765168
-0.05565986
-0.09904993
-0.09683251
-0.11129405
0.03359896
0.00099800
-0.05656645
-0.11207052
-0.02949639
0.05417770
-0.12845340
-0.12372155
-0.05916952
0.02005972
0.23192175
0.08216902
-0.02354003
-0.05260489
-0.11769592
-0.01703133
0.09191157
-0.02594307
0.13218002
0.09335129
-0.05237974
-0.23346506
0.03120539
-0.11089122
0.05216800
0.05974323
-0.09434425
-0.11279222
0.07637217
0.07098810
0.11718239
0.12273709
-0.13359202
0.04890356
-0.10980821
0.01933090
-0.04911646
0.03476454
0.15561572
0.13830069
-0.05055264
-0.00189742
-0.06456304
0.01885535
0.04478575
-0.14457637
0.19809897
0.18172842
0.03643351
-0.00442416
-0.11027180
0.16193734
-0.01181331
-0.11541222
-0.04851936
-0.05110817
-0.01181261
-0.01971048
-0.06756368
-0.13092776
0.13250719
-0.08891656
0.03962088
0.21244194
0.15452309
-0.02790348
-0.17346945
0.17848675
-0.10052976
0.11068697
0.15772834
0.01569330
0.05553284
-0.02559356
-0.13100319
0.14668460
-0.09340330
-0.01442464
0.02332830
-0.01235972
-0.06147696
-0.09688459
0.05337817
0.10382502
0.01269830
0.19798996
-0.05568036
0.14091302
0.02824518
-0.00527562
0.13036086
0.07978777
0.03379494
0.03332315
-0.06720494
-0.01015624
0.13346702
0.11980552
-0.10351338
-0.00528501
0.02427157
-0.01732434
0.05341404
-0.06526624
-0.15611355
0.10216488
0.03468169
0.02617167
0.11017345
0.14983846
0.10379452
-0.16471669
-0.08833252
-0.03662211
-0.01835898
-0.09177613
-0.01952830
-0.00786881
-0.11278322
-0.11802761
0.08482059
0.02555718
-0.07269157
0.01898313
-0.10556517
0.09897753
-0.10057357
-0.06412966
-0.10844640
0.10619635
0.12430576
-0.04531295
-0.12535380
-0.02056997
-0.16114597
0.03257218
0.11897831
0.05569876
0.03362032
-0.05466262
0.07953322
-0.02375883
-0.03560033
0.03273498
-0.16915728
0.03304613
0.08408234
-0.06436708
-0.04588043
0.13188291
-0.15652309
0.10044573
0.10242242
-0.16766788
-0.04144913
-0.21881627
0.06383997
0.10311955
0.10432476
-0.14316730
0.02171892
-0.14262819
-0.12468334
-0.09541027
0.05280219
0.05602648
-0.07050516
0.13022700
0.09555915
0.14454801
-0.07986161
0.01962451
-0.08767853
-0.04912931
-0.05677104
-0.05522496
-0.12029016
0.00008842
-0.03964704
-0.08610386
0.03920481
0.04483567
0.08636175
-0.07508705
0.07982524
0.05715326
-0.14093141
0.15529437
0.07492459
0.05907552
-0.13007002
-0.20064716
0.01171928
0.13686021
-0.02509479
0.20091990
-0.10538822
-0.18101917
0.00725121
-0.06210867
0.15369499
-0.06854104
0.11569016
-0.05577150
0.08746081
-0.01487628
0.10506603
0.13305615
0.05517039
0.12489852
-0.04439668
0.02785441
-0.05716766
-0.04588579
0.01934719
0.04738743
-0.16877018
0.05597138
0.08896162
-0.13687606
-0.00862938
0.08259598
0.09524628
0.15118247
-0.08898959
-0.03867322
0.07377731
0.04098735
-0.02581194
-0.10767747
-0.10271199
-0.01217892
0.20049213
-0.10993491
-0.19867584
0.04952229
-0.07133956
-0.01681364
0.17012317
0.16204345
-0.03092966
-0.09964700
-0.06752943
0.06712668
-0.00397609
-0.05038959
-0.00175926
-0.12168179
-0.00590275
-0.00684339
-0.06940730
0.00499862
-0.03606022
-0.04860305
0.09730303
-0.03476188
0.05020243
-0.11004435
-0.02417300
-0.05670512
-0.12520498
-0.01617898
0.01290346
0.02495490
0.10934214
-0.10614075
-0.02795428
0.10713805
-0.06666054
0.05013672
0.02292635
0.06245717
-0.19022937
-0.03348941
0.10547968
0.00902932
0.10986686
0.15982804
-0.09730025
-0.02071825
-0.04509217
-0.10407168
-0.01017422
-0.11381095
-0.02022037
-0.10711504
-0.07298592
0.06021285
-0.12284620
0.10340566
-0.02638681
0.06006125
0.15218605
-0.06980667
-0.08913095
0.00343387
0.08298881
-0.04811921
0.12708741
0.03232860
-0.16840924
0.03064610
-0.11049388
0.06478947
-0.00679951
0.00213615
-0.06993123
-0.07005555
0.04432219
0.02772136
0.03215086
0.01760665
-0.00273774
-0.08576529
-0.03057572
0.07844880
0.04430711
-0.10246465
0.03196142
-0.17417367
0.09246850
0.09112135
0.11636383
-0.07786930
-0.08867052
0.04421674
-0.10741875
-0.11164572
0.09094151
0.05405467
0.16568774
-0.03098860
-0.05393435
-0.05509365
0.03029937
-0.20643772
0.11633188
-0.05688991
-0.11399858
0.09892229
0.07239986
-0.07352208
-0.05985728
0.09769735
-0.04016238
0.03408672
0.17357226
0.19863930
0.03100080
-0.03194325
0.05388992
-0.06219613
0.03398519
0.07567138
0.11937343
0.10813351
-0.12110546
-0.01275981
0.19295041
-0.07659701
-0.10426787
0.10035430
0.00668698
-0.08110914
0.21822828
-0.12195105
-0.14053094
-0.13349298
-0.00468528
-0.06681892
0.10921635
0.18141125
-0.00273974
-0.01804111
0.07786115
0.08101492
0.08241136
0.12675129
-0.19904976
0.04224735
0.06121860
-0.07540710
0.02749299
-0.03473482
0.16073528
0.08317958
-0.10309953
0.08151569
0.09341350
0.10292716
0.05939233
-0.13086638
0.02555463
0.12174687
-0.05729874
-0.01533499
-0.20633671
0.04189695
0.09051123
0.02782771
-0.07328763
-0.00409564
-0.13391560
0.06651081
0.07781884
0.11869995
-0.10108873
-0.15779664
0.08401035
0.01667370
-0.00122784
0.11296371
0.11167947
0.04839403
-0.00352270
-0.07918130
0.12183396
-0.00097813
0.12786081
-0.00810296
0.14759882
0.02697165
0.05519363
0.07254390
0.00147075
0.00630857
0.01768753
0.09927942
-0.01305234
0.04535175
-0.10446475
-0.15851046
0.02925257
0.04015317
-0.09836249
-0.10058834
-0.09132525
0.09806835
0.01227375
-0.09745871
0.11648065
-0.04238045
0.04083756
-0.02498540
-0.13049546
-0.05047020
-0.02462071
0.02328653
-0.03997330
0.01086843
-0.12157265
-0.11458658
-0.05855187
-0.06274585
0.03378498
0.14153604
0.08211119
0.10089394
-0.08651625
-0.04356914
-0.11291554
-0.00681287
0.06540393
0.16299208
-0.06137550
-0.03261799
0.06858461
-0.10475999
-0.10110591
0.08395010
-0.06508747
0.01492318
-0.08183059
0.04670495
-0.13998997
-0.02134170
-0.03958829
0.08736175
-0.15248440
-0.03918059
0.05154329
-0.00556595
0.02131378
-0.18747163
0.02714660
0.10941283
0.04596950
-0.09661364
0.03520139
0.12628689
-0.02818825
0.00527189
0.13833247
0.17388284
-0.02868833
0.03447348
0.02241119
-0.05363536
-0.06709494
-0.09861403
-0.04568484
-0.01126968
-0.01683146
-0.02967370
-0.05593124
-0.00700203
0.00029665
0.14134420
0.03337851
0.07631446
-0.20282233
0.04173144
0.01623783
-0.03373508
0.18527755
0.11063609
0.09399825
-0.08147973
-0.11539984
0.16889682
0.13585268
0.06056646
-0.01153422
0.07972034
0.07598067
0.01032063
-0.12757158
0.12519230
-0.13678494
-0.12254228
0.11219848
0.00085351
-0.05081275
0.05530701
0.14925185
-0.09805096
0.09037631
-0.05139244
-0.09924167
-0.07029583
0.01662462
0.09076566
0.02663360
0.12931900
0.06061800
0.02373286
-0.10246448
0.06409741
0.08365982
-0.12539202
0.00252248
0.12908654
-0.09933618
-0.09737242
0.14210835
0.01143573
0.03548630
0.07934890
-0.06379161
-0.08270662
0.04027449
0.02844375
0.08386298
-0.14716229
0.12795505
-0.12001791
0.02912420
0.05544050
0.00787994
0.11619369
0.16530164
0.06524680
0.12190057
0.05412466
-0.03183149
0.02901262
-0.08368064
0.08855205
0.05676145
-0.16402641
-0.09459051
-0.10936044
0.08306186
-0.05593323
0.01705785
-0.02265986
-0.08946043
0.11099807
-0.06820676
-0.04568451
0.11411262
0.01105206
0.16950290
-0.10401632
-0.01395773
0.02567488
0.12938516
0.06985310
-0.20438705
-0.01129896
0.07027604
0.11312743
0.05681184
-0.04074761
0.15376171
-0.04076168
-0.07731864
0.01178078
0.10184881
-0.00394920
-0.09238271
-0.07965722
0.02953311
-0.07430299
-0.17091139
-0.15221937
-0.17586984
-0.06266916
0.12763324
-0.03316995
-0.07356097
0.08068500
-0.29070503
-0.16049986
0.01963357
0.07475853
-0.07295795
-0.04898321
-0.12498435
-0.06100165
-0.15388583
-0.12426096
-0.06073094
-0.02859033
-0.15291038
0.04616528
-0.09442350
-0.03940124
-0.10951743
-0.13505831
-0.03797065
-0.04880742
-0.04659806
0.01205591
-0.01673300
-0.01356519
-0.22981708
0.20648523
0.07976829
-0.04590783
0.08575616
-0.04255246
0.09023802
0.02522848
-0.13506013
-0.10374831
0.04989933
-0.02103882
0.10755448
0.00693414
-0.03097167
-0.02249294
0.07358880
0.13346371
0.05399537
-0.03694348
0.09374219
-0.18072325
0.08197198
0.12301117
-0.17728192
-0.13727427
-0.16639116
-0.12471364
0.00502053
-0.00580213
0.11450063
-0.14272906
-0.07073145
0.01691270
0.08114977
-0.03538716
-0.06422795
-0.02007599
0.05331442
0.07524045
0.12530722
-0.01040552
0.01280521
0.08536446
0.06304201
-0.14641427
0.06945564
-0.14836235
0.00172466
0.10482340
0.04057942
0.09951170
0.09269884
0.14803219
-0.03189184
-0.05684699
-0.10079298
-0.05786941
0.10628420
0.04980582
-0.08212252
0.04778709
0.07229704
-0.10300712
-0.01632428
0.03707322
-0.06910259
-0.09617867
-0.05348280
-0.02421599
0.00391764
0.09358625
-0.23596098
0.05460587
0.09994759
-0.04455004
0.20458829
-0.07984205
-0.17293201
-0.04993974
0.09239463
0.12198669
-0.13861337
-0.08447267
0.15922491
-0.00071886
0.12578636
-0.03102743
-0.08796894
0.01904846
-0.09398266
0.14211458
0.01585409
0.11289571
-0.00614065
-0.07951927
0.15853608
0.00134459
-0.02012858
0.09547624
-0.13310525
-0.03151333
-0.00449078
0.01932599
0.15809767
0.04487984
-0.15190509
0.02511164
-0.04580394
0.12409426
0.12096653
-0.11764582
0.00741346
-0.09517169
-0.06611808
-0.08560521
0.10123876
-0.14313184
0.07653276
-0.06005055
0.06332396
0.05618100
0.02682504
-0.10957941
0.04854077
-0.07552060
0.03341693
-0.01775411
0.15340635
0.08742201
0.06974094
0.16380151
-0.23885059
0.08882581
0.06297641
-0.03223255
-0.03492912
0.05605081
-0.17095059
0.01921595
-0.06567555
-0.07892272
0.05439444
0.09334871
-0.10622583
-0.07543960
-0.03918950
0.03156016
0.01559396
0.07367564
0.05760052
-0.08665025
0.09066292
-0.22008972
-0.07261439
-0.02842699
0.04150669
-0.00979617
0.04797958
0.02457329
-0.17493919
-0.01898095
-0.00776242
-0.08966708
-0.00537041
-0.17832461
0.05988967
-0.06109114
-0.16068481
-0.08043247
0.04704217
-0.03892092
-0.04781674
0.09581722
-0.10651490
0.05397525
-0.04457451
-0.10120454
0.02476640
-0.00963013
-0.14112669
0.15551858
0.02141717
-0.03783692
-0.12295136
-0.23481476
0.06575835
-0.00390012
-0.02465183
-0.04951937
-0.09924766
-0.15545662
-0.04710883
0.08065849
0.10460128
-0.08788467
0.01204172
0.13341157
0.03138319
-0.03367936
0.04665786
0.01911845
0.05246776
0.02330443
-0.10141368
0.15816404
-0.08873956
-0.10767028
0.07639164
-0.03986684
0.04210554
-0.06277497
-0.09915838
0.02869253
-0.08921728
-0.07212723
-0.12977079
0.16712353
0.04888684
0.03078158
-0.10202057
0.09686369
0.13371918
0.02356490
-0.00721753
0.10564411
-0.10062937
-0.10757268
-0.13912639
0.04994325
-0.09563171
-0.18415168
0.02267894
0.13148013
0.10230215
0.02838618
0.12463336
-0.08141094
0.10270678
-0.22406609
-0.09879574
0.10429512
-0.19597450
-0.07358349
0.17325161
-0.14878026
-0.13868734
0.05467029
0.05273714
-0.01713564
-0.05061819
0.04752715
0.12641403
-0.18070008
-0.04109846
0.07369052
-0.09381470
0.04470484
-0.00423955
0.12912819
0.06057597
0.04971789
0.01631644
0.04352718
0.20476799
-0.00243795
0.04361404
0.05220846
0.09692149
0.13592917
0.08268315
-0.02429867
-0.15640804
-0.07400711
-0.08988070
0.14551593
0.20975871
0.04285385
-0.14194916
0.00316764
0.01198099
-0.03555981
0.04343141
0.04298912
0.07641199
0.02670331
0.04529854
0.06156955
-0.13668443
0.01988007
0.03669181
-0.08481327
0.09162650
-0.00770222
0.05580273
0.06837501
-0.10849403
-0.01310454
0.07364541
0.02554276
0.07553750
0.15191977
-0.10111121
-0.00066736
0.03690200
-0.18534926
0.07045583
-0.07582761
-0.04526065
-0.01010389
-0.04724401
0.08881950
-0.01767648
0.06840086
0.07201576
-0.00609880
0.09314826
-0.09315363
0.06881436
-0.04126883
-0.03026126
0.01882572
0.08825754
-0.14550281
-0.03937111
-0.03493049
-0.06891744
0.03529478
-0.12629251
0.13544443
0.04013879
0.02674578
-0.15754035
-0.14806718
0.04687848
-0.02701771
0.03333320
-0.09019753
0.03452897
-0.01577425
-0.23583277
0.06974870
0.10767798
0.01780462
-0.00505777
-0.13289279
0.04564215
0.03507752
-0.00139452
-0.08802958
-0.06366684
0.07542165
0.22575492
-0.05769014
-0.10921385
0.01286216
0.09231891
-0.00859422
0.07614631
-0.10216977
0.09743944
-0.02015002
-0.02072480
0.06627458
0.12587635
0.05455645
-0.06720479
0.08200948
0.06337100
0.13972089
-0.04053189
0.04838490
0.07018013
-0.06800412
0.07398222
0.13316047
0.02950759
-0.07938280
-0.12645824
0.05903125
0.02715219
0.09844894
0.02399625
-0.02239120
-0.09706187
-0.08007241
0.12610286
0.09217760
-0.00157709
0.04590185
-0.06984934
-0.07088470
0.00550720
-0.14204827
-0.01184667
-0.04419497
-0.16054259
-0.06804579
-0.06900209
-0.14186360
-0.08906932
0.07583618
-0.12238125
-0.10990576
-0.00712251
-0.06422386
-0.06776683
-0.07811925
-0.10540870
-0.02582809
0.05845219
-0.14266077
0.02797845
0.04456410
-0.01784020
-0.16589653
-0.12511979
0.13131197
0.16208731
0.03670142
-0.00189008
-0.16549926
-0.15372933
0.10910413
0.13177080
-0.07829723
0.00675547
0.07548470
0.14594850
0.00765765
0.02086977
0.04345033
-0.05711632
-0.09975802
0.03425352
0.11201274
-0.04986336
0.10479482
0.02607346
-0.00130574
-0.05658577
-0.22674124
-0.00903263
-0.07878155
-0.05385781
0.05819788
0.05374977
0.10558888
0.05696720
-0.01492204
-0.11841087
0.09846088
-0.05260918
-0.08253862
0.15004581
0.02845764
-0.05615851
0.12186550
-0.03397960
-0.01934837
0.03652031
-0.10627538
0.16254434
0.06414926
0.10607029
0.09976873
-0.04698502
-0.11285601
-0.10328268
-0.25667527
-0.13647437
0.15226442
0.00620596
0.05130891
-0.11306176
-0.05666525
-0.13578564
-0.06275667
0.06456410
0.13363685
0.01146517
0.06449541
0.01738092
0.06743674
-0.04804347
0.01310800
-0.02858009
-0.04208850
0.25065026
-0.07179721
-0.00630419
-0.10636795
0.10706342
0.04231058
-0.07727115
-0.05745003
0.13146807
-0.04368563
-0.03655840
-0.06995661
0.16689886
0.13326579
0.06300323
-0.05405656
-0.00169934
0.10076219
-0.09083242
0.00270241
-0.04966785
-0.10506202
-0.20331205
-0.05234668
-0.13563901
0.16940898
-0.03220924
-0.00977729
-0.08025501
-0.00302673
-0.09692532
-0.14465585
0.02874509
0.07023748
-0.19815837
-0.08345603
-0.10230961
-0.04783535
0.00641274
0.05302453
-0.01218973
-0.06247388
0.04461269
-0.12583002
-0.18199146
-0.13072447
0.12701724
0.13588101
-0.06407657
0.04224507
-0.15572150
-0.13189699
0.12549315
-0.11538655
0.04178960
-0.01534292
-0.12092894
0.10181209
0.04156916
0.01448868
0.08920787
0.00810057
-0.03847821
-0.07102803
0.00032521
-0.00645728
0.03558150
-0.04232781
0.01342593
-0.03062713
-0.11155625
-0.03723196
0.01056375
0.07127041
0.11908627
-0.03902993
0.05591010
-0.07227647
0.06643286
-0.07162563
-0.19927025
0.05480095
-0.17084683
-0.07130503
0.07380655
-0.12438072
0.01068956
0.06501389
-0.04944942
0.20990150
0.08294877
-0.08475227
-0.03968194
-0.12935755
-0.11134546
-0.13042708
0.01602487
-0.01120065
-0.13107644
0.07486582
0.02709968
0.05388474
-0.05693699
-0.02873588
-0.04015759
0.06977110
0.11427633
-0.11707906
-0.06112022
0.00161966
0.07202427
0.12888360
-0.10625508
-0.06046703
0.05542020
-0.01638105
0.04530589
0.01550306
0.00800808
0.13567802
-0.18746841
-0.10835574
0.03344136
0.02054138
0.00547840
0.13411590
0.14483176
0.10173038
0.02651599
-0.19989215
0.06226629
0.02578283
0.06627432
-0.08252410
0.05024949
0.01029194
-0.06892358
-0.10325226
0.02657811
0.04667570
-0.05586215
0.04911906
0.08761720
0.15443856
-0.12535682
-0.14718802
-0.09842554
0.12576601
-0.02998476
0.11871669
-0.09132180
-0.23884338
-0.14354502
0.20101377
0.14662756
0.06458700
0.00104317
-0.06748986
-0.13624670
0.00576807
0.05365988
-0.11747056
-0.18236275
0.08498132
-0.01794091
0.08991608
0.00513845
0.21443205
-0.11696924
-0.11541314
-0.08963820
0.06208137
0.07368891
-0.09071718
0.11882528
0.07371850
-0.04007632
-0.00524184
-0.04719096
0.12337779
-0.12165622
-0.16355430
0.16410805
-0.16664436
-0.09572697
-0.13074820
0.12878083
-0.05076475
0.05799493
-0.15375282
-0.10741407
0.10819685
0.04341236
-0.14131948
-0.15953933
0.07759052
-0.06585765
0.00024500
-0.06431107
0.03136238
-0.09511664
0.04653492
0.02441861
-0.12136908
-0.09389148
0.12750129
0.07993486
0.05795098
0.08089495
-0.11891367
0.01424293
0.06795805
0.09865969
-0.12951759
-0.12796271
-0.08011163
-0.06394021
-0.01358583
0.14957914
0.00324584
0.01396387
0.14494759
0.05478647
0.07986791
-0.02554600
0.01918190
-0.05987631
-0.12495929
-0.06239390
0.14633368
-0.10742064
-0.07391886
0.01752205
-0.14862677
-0.09674028
0.09255160
0.05463161
0.07805683
-0.06065961
0.02122575
0.00742703
-0.10703857
0.09536480
0.17785756
-0.07930838
0.12529944
-0.06817029
0.11579745
-0.06080529
-0.06240812
0.03198105
-0.15335082
0.03539387
-0.07382894
0.07463237
-0.14582747
-0.10218897
-0.04500169
-0.03214215
-0.08980706
-0.08554795
0.07769286
0.00709189
0.00353252
0.03625394
-0.00310037
0.07032783
0.03131270
0.12355448
0.07279125
0.06312558
-0.07755017
0.12088694
0.04654653
0.10588377
-0.11909353
0.00386255
-0.22598766
-0.03263518
0.08272772
0.02536169
-0.16223980
0.04565969
0.07682180
0.14437199
-0.13179404
-0.05463358
-0.02181428
-0.07699314
0.10297655
0.19587694
-0.06678651
-0.10682544
0.09632759
0.05644043
-0.12777327
0.01704072
0.01622750
-0.11867964
0.12331116
0.14403550
-0.05490996
-0.11690781
0.07416091
-0.06245817
0.08085037
-0.02563169
-0.06029223
0.04297708
-0.07556760
0.08985224
-0.00321500
-0.08806866
0.02794331
-0.03815740
-0.01285886
0.06776704
-0.02474654
-0.03590208
-0.01806799
-0.07345080
0.01663105
0.03331154
0.06850813
0.13583353
0.15741122
0.11882634
-0.13481025
0.09393382
-0.02867995
0.02685320
-0.14381517
-0.12136576
0.06605166
0.05571669
-0.07116426
0.13892102
0.08672990
0.15302372
0.02473910
-0.02991182
-0.19709064
-0.04977949
-0.11220772
0.00699491
0.11100270
0.06841563
-0.09539288
-0.03118323
0.02849030
-0.07045701
-0.06316369
0.06037595
-0.07970754
0.07489822
0.08866757
0.01813310
0.05805129
0.10775907
0.11587258
-0.09532140
0.12143384
-0.09730234
0.08388454
-0.01694917
-0.08066025
-0.05163674
0.12659347
-0.00984210
-0.00622092
0.00767594
-0.00419794
-0.01119310
0.06213218
0.04025456
-0.02359984
-0.07668705
0.11191653
0.09622341
0.12404282
-0.04800224
0.00554485
0.05019434
0.16472271
-0.05460252
0.01427862
-0.12393217
0.05194378
0.06751276
0.11400906
-0.09522019
-0.00764162
-0.06304950
0.05207123
-0.00809520
-0.10953638
0.05533614
-0.06174048
0.01930244
0.00745124
0.06651239
0.12373856
0.10707808
0.07876902
0.16395372
0.01711832
-0.00165184
-0.00260606
-0.07080016
0.09859899
-0.05465157
-0.13253047
-0.05801450
-0.14385162
0.13835219
-0.04081133
0.21979491
0.10277630
0.20324551
0.17479613
-0.09954638
-0.03957738
0.12114406
-0.02246233
0.13257080
0.03760668
-0.17823651
-0.08834668
0.10550964
0.11038875
0.00777800
0.06642134
-0.00554194
0.16218126
0.10535447
-0.02797596
0.06124736
0.05444441
-0.13340068
0.23139267
-0.05955102
-0.07155484
-0.06905036
0.15958534
-0.16425353
0.01216282
0.14486024
0.16021939
0.04818676
0.06036626
0.20240925
-0.05787729
0.04380368
-0.00949361
-0.10421659
-0.21779132
0.08689918
0.06255057
-0.05652782
-0.14351478
0.09820728
0.20606574
0.12680489
0.03683949
0.15311059
0.00595656
0.08955232
-0.13712768
0.12299912
0.00052783
-0.11655395
-0.03271183
0.08537060
-0.16064745
0.09083877
0.08393626
-0.05728980
-0.07972640
-0.04053867
-0.06214904
-0.01025166
-0.03092542
0.08468367
0.08874054
0.14356615
0.10751005
-0.00236922
0.08887996
0.01016974
0.02929308
0.07230029
0.11860814
0.00482498
0.09905023
0.00339870
0.03309293
0.09528834
0.07931641
-0.05361830
-0.01017598
-0.07556722
-0.04023128
0.09287362
-0.01044949
0.08879476
-0.15057941
-0.06582227
0.00347838
-0.00384677
-0.00441336
-0.01885260
-0.11228940
0.00574245
-0.04808180
0.05946658
0.04672364
0.05459323
0.14674072
-0.12891650
-0.07757922
-0.06138894
-0.07577376
-0.00237076
-0.05075247
0.04108602
-0.17054455
-0.16243409
-0.12681019
0.03578594
-0.12875006
0.04204255
0.05532462
0.02864708
-0.13927348
-0.05499664
0.13237530
-0.07646866
-0.12632075
0.15632148
-0.06804316
0.05862144
-0.00546580
-0.04142595
0.01088150
0.00638908
-0.08368289
-0.01858707
0.06461902
-0.04479907
0.09271789
0.02984657
0.09023639
0.03745916
0.04587129
0.00898581
-0.11093746
-0.07374913
-0.23280422
-0.03855744
-0.04275805
-0.18324412
0.08059452
-0.17892338
0.08644695
-0.16385882
0.03298483
0.10209592
0.07436499
0.11488694
-0.15380505
0.03084999
-0.09637164
-0.13120979
0.02369841
-0.04673366
-0.07348760
0.15911578
-0.05778987
-0.08597125
0.16491802
-0.04500906
0.01714720
-0.01947124
0.01935527
-0.01811716
0.09671210
-0.13234594
0.06785726
0.12217106
-0.05290772
0.10536011
0.03501514
0.01171610
0.02217865
-0.04432542
0.11976096
-0.07985385
-0.11778257
-0.06391335
0.09497565
-0.11942527
0.06873369
0.15956716
-0.01666544
-0.04400004
-0.00611219
-0.15590413
-0.07157235
0.01432506
0.07122734
0.06286074
0.11358649
-0.02308310
0.00493126
0.02441276
0.17558120
-0.03992662
-0.09988257
-0.05755106
0.11430891
0.16929835
0.07607942
-0.12664266
-0.06075518
-0.09379148
-0.01316140
0.02378091
-0.11949684
-0.20920445
-0.19521876
0.13549040
-0.01401652
-0.11857907
0.11074787
0.00991032
0.13249360
0.12719755
0.08479957
-0.06415763
0.16850272
-0.06030469
-0.11130187
-0.09059695
-0.12858595
-0.11843873
0.17732900
0.12101643
-0.10893834
-0.03646333
-0.09070478
0.09958816
-0.12870401
-0.01334666
0.03463549
-0.11420618
0.12465812
-0.08222484
0.12115830
-0.01416348
0.06357925
0.11602421
0.05993655
-0.06501932
-0.09471475
-0.00131774
0.05994703
-0.14378031
0.01170957
0.06946597
-0.07300337
-0.00858999
-0.01365076
-0.08347268
-0.07708869
0.06178082
0.10734016
-0.10806707
0.02711041
-0.03373772
-0.00465819
0.02371147
-0.05020761
0.02607148
-0.07720242
-0.02387970
-0.03263466
-0.08019101
0.01443750
-0.04667323
0.06225267
-0.05381893
-0.03201859
-0.04020892
-0.02745662
0.12356356
0.04995682
-0.16833711
0.05424704
-0.07740215
-0.13843788
-0.16678931
-0.24039838
-0.07541900
-0.11458779
0.00205528
0.01196074
0.05903837
0.09535946
0.05514010
-0.04076133
-0.03575575
0.02487981
-0.00352572
0.01245372
-0.11697216
0.15945302
-0.08157018
0.01319750
-0.15234989
-0.08320396
0.17308657
-0.08258952
-0.06293251
0.08238286
0.00422179
0.12514172
0.05436339
0.05806480
-0.10542490
-0.06463934
-0.04364330
-0.04870465
0.10557985
0.05652520
-0.02115903
0.00578724
-0.08650145
0.05420207
-0.13347222
0.02880623
0.01101365
0.15948400
0.12594517
0.10404121
-0.03807153
0.04681642
0.02365272
0.15637347
0.11446626
0.01287028
-0.16519290
0.04785049
0.09148742
-0.09241150
0.07794190
-0.07377744
0.04708750
0.03176536
-0.01357048
-0.08677651
-0.05310404
-0.09212719
-0.09701973
0.10588583
-0.08752655
0.01379636
0.11645908
-0.01382252
0.04684813
-0.02946588
-0.10809630
-0.12480209
-0.13477091
0.03211198
-0.16912022
0.00052752
-0.06926654
-0.12574682
-0.03305543
-0.18426704
-0.10726957
-0.06634578
-0.16084781
0.03988716
0.04478642
-0.00864520
0.05696807
-0.00984390
-0.02552217
0.14319202
-0.05101409
-0.05613694
-0.11944473
0.07743035
-0.00394025
-0.03460774
-0.07381932
0.20575424
-0.07364683
-0.11958272
0.03743064
-0.03939037
0.04592745
0.06416328
-0.09070166
0.03177615
-0.09822673
-0.05415738
-0.16997853
-0.15921831
-0.02904251
0.00571629
-0.03423408
0.11703159
0.03404097
-0.18412557
0.04431145
0.01223978
0.14667112
0.10334958
0.02818115
-0.05471859
0.07930532
0.02053283
-0.03759993
-0.07832479
0.03325509
-0.15996465
0.12753177
-0.04042854
-0.20487447
0.07815536
0.00618042
-0.10622287
-0.08110382
-0.07714167
0.07590438
-0.09264720
-0.13556209
0.05940485
0.03696376
-0.05514095
0.07190172
0.13832714
0.10923827
-0.18519382
-0.19640747
0.02150990
-0.04405252
-0.01044990
-0.13623732
0.09855714
-0.02810942
-0.18247977
0.11515098
0.14156449
-0.09863429
-0.17170645
-0.05936207
-0.17497376
-0.07020020
0.03077323
-0.00959738
-0.02618405
0.04434965
-0.16915524
0.11573533
0.04028168
0.00841779
0.02983252
-0.04058398
-0.10300713
0.07887255
-0.13227437
-0.04832444
0.07250426
0.07280201
0.14903405
-0.13412455
-0.03213651
0.00283082
0.06083212
-0.02565874
-0.09302193
-0.05512959
0.01102276
-0.04330187
-0.02313987
0.10620276
0.13379636
0.14194156
-0.08033887
-0.00356913
-0.05088077
-0.08537507
-0.11807777
-0.08851854
0.27310091
0.03635058
-0.01655885
-0.08218481
-0.07726001
-0.09771354
-0.11997150
-0.05332785
0.03536268
-0.13457520
0.07871567
0.03710018
-0.09368341
0.06230528
-0.15951227
-0.01637397
0.00022272
-0.02657251
0.01501187
-0.15717998
0.03394571
-0.09120731
0.14617564
0.14016068
-0.08784381
0.00235027
-0.14184335
-0.03438755
0.03362713
-0.01411600
0.00893980
0.12564787
-0.12876256
0.10402121
0.05162660
-0.15083274
0.00241017
-0.10013197
-0.01663376
0.05702779
-0.12397427
-0.05179713
0.11039383
0.12188179
0.01759119
-0.05010461
0.01482518
0.03531327
0.06841251
-0.01963734
0.08450010
0.04204498
0.01122066
-0.18783043
0.04663877
-0.12764651
-0.10517749
0.11543681
-0.05988185
-0.03934433
-0.08419070
0.04093526
0.04308597
0.03669720
0.03847868
0.14091469
0.01018468
0.07543686
0.10718063
0.00177230
0.06875501
-0.00830404
-0.03153666
-0.05358113
0.10129164
-0.07634630
0.04408293
-0.00346649
-0.10398749
-0.04144422
0.01397154
0.05411182
-0.16882496
-0.05415637
-0.14513181
0.04044357
0.17047186
0.15896380
-0.07346740
-0.01015354
0.05671677
0.11477112
0.02853935
0.08495661
0.07279941
-0.01751537
-0.09657771
0.15987636
0.12788938
0.05073365
-0.04483469
-0.06594180
-0.18557450
-0.10132048
0.02288274
0.00798000
0.10161600
-0.04890820
0.08369751
-0.00045163
0.05071942
0.03406561
-0.10896036
0.06505257
-0.11135195
-0.03396154
0.20580484
0.07526984
0.07333931
0.12952836
-0.01508228
-0.09527043
-0.10932013
-0.00210417
-0.12122740
0.05372908
-0.16382414
-0.05552071
-0.01812635
0.01024947
0.08402726
-0.07785776
-0.14073874
0.00390839
-0.03802367
-0.11816908
0.07695666
0.05843483
0.06705453
0.08989795
-0.13020942
-0.00681097
0.02550930
0.01184999
0.08632891
0.08725304
0.01749329
-0.11097039
-0.07428958
0.06550996
0.16382475
-0.05248971
-0.05214794
-0.09060922
0.07328793
-0.12101764
-0.01077012
0.07764670
-0.10777404
-0.05439507
0.16722323
0.02859037
-0.07327078
-0.06232173
0.04286617
0.10904560
0.09701160
-0.05306400
0.03554305
-0.14471303
0.04173192
0.06461636
-0.14699344
0.09080677
0.01767602
0.06115019
0.05084205
0.12250643
0.05682363
-0.17176938
-0.02632870
0.09647519
0.09067765
-0.03025179
-0.09193839
-0.03227338
-0.02316960
0.17433126
-0.00011608
0.00922552
0.20356084
-0.02449942
-0.13926013
-0.01573146
-0.01564426
0.04918864
0.10575690
-0.08425561
0.04059459
-0.16026798
0.00719957
0.03399204
-0.15717463
-0.11307676
-0.07794204
0.11726090
0.08504446
-0.16970140
-0.09173103
0.05732047
-0.03858133
-0.05132120
0.13318954
-0.13104838
-0.23144509
-0.11618644
-0.02803786
0.08201873
-0.00705417
-0.21536845
0.05055132
-0.15759794
-0.07001159
0.00886849
-0.05576463
-0.03125471
0.09198610
0.08230967
-0.01764028
0.13076891
0.03461451
-0.07471421
0.15584704
0.01002201
-0.15014827
0.03741012
-0.03766111
0.14106262
0.15653634
0.03798605
-0.08868387
-0.03893629
0.06634954
0.07325497
0.02712635
-0.07160894
-0.00832338
-0.18396023
-0.06651776
-0.02082757
-0.00054274
0.20594707
0.01748694
0.07267717
0.05316145
-0.05332484
-0.15044262
-0.00622339
-0.15154494
0.15991390
-0.11846946
-0.01799530
0.09958973
-0.11846599
0.04205153
0.08168526
-0.13521430
0.02834925
0.07481664
0.04856631
-0.08190581
-0.10594825
-0.09399762
-0.15508570
-0.05856207
0.07017090
0.05018538
-0.07982027
-0.20321178
0.03244486
0.03418122
0.08571695
0.10505930
-0.20570095
-0.06579565
-0.11557923
-0.00916479
0.00669655
0.16710165
-0.15758683
0.10295082
0.10118151
-0.10192459
0.14148949
0.11760635
0.08767270
0.15627021
0.00352732
-0.03742035
0.05811117
-0.01632910
-0.13962990
0.02697390
0.00935570
0.02344106
0.03337269
-0.11692130
0.15012005
-0.05559302
-0.11656935
-0.10930587
-0.16953525
-0.10670867
0.17715323
0.00816104
-0.00524473
0.12493026
0.03919129
0.12521644
0.02089459
-0.05356649
0.10906821
0.03556450
-0.03145963
-0.08987585
-0.03180657
0.13507192
-0.07617357
0.00877034
0.13688384
-0.19269994
-0.05964255
0.11708914
0.12040850
0.04638444
-0.02751206
-0.05875442
-0.18788618
-0.04606577
-0.02849385
0.05364931
-0.01312943
-0.16897713
-0.12048867
0.00245101
0.14051084
0.06677627
-0.22052793
0.04227029
-0.01079567
-0.08021945
-0.03547630
0.07723854
-0.05428252
-0.10563088
-0.06885577
0.06923226
0.07229476
0.18325035
-0.16114752
0.01516263
0.01802500
-0.16022098
0.02499556
0.06807496
-0.11815108
-0.12596734
-0.08970508
-0.00361940
-0.14350677
0.00032268
-0.07496291
-0.15604657
-0.01866930
0.07103679
-0.16266395
-0.00861335
-0.09848005
-0.16369833
0.00144941
0.06135680
0.01770074
-0.03903317
0.01342878
0.04643928
0.07752488
0.06135166
0.04553758
0.01473336
-0.09480223
0.13764343
-0.11124990
-0.16697648
-0.01591400
0.09757846
-0.13167991
0.06784520
-0.08092988
0.07319410
-0.05144556
-0.13756926
-0.09562908
0.10053359
0.00254780
-0.06053937
0.02845539
0.08400980
-0.18907605
0.04564691
0.08512946
0.11569903
-0.01214736
-0.11729510
-0.00712056
-0.05211734
0.04870048
-0.06982715
-0.08692262
0.08640438
-0.11599042
-0.12249136
0.04831585
-0.06901435
-0.12459703
0.10725643
-0.15478702
-0.11844290
-0.01172203
-0.12530529
0.12337451
-0.00413726
0.02868692
0.02395350
-0.06744193
-0.13952239
-0.01959467
0.08356163
-0.02944245
-0.02318796
-0.07196982
-0.03697235
0.05463891
0.17784263
-0.10155329
-0.08133115
0.03530801
0.09307162
0.17218433
-0.11348218
-0.10199042
-0.09445143
-0.04628277
0.04292183
-0.09323634
-0.05406484
0.06168744
-0.06057306
0.03978986
-0.12918250
-0.07603161
0.19313550
0.04956615
0.12934943
-0.19924898
-0.11301487
-0.00403140
0.07737152
0.01491209
0.21788688
-0.09360389
-0.13344292
0.02402580
0.13127217
-0.05786733
0.18668339
-0.01002347
-0.14749673
-0.11392264
-0.03028172
0.14190426
-0.07880729
-0.00543350
0.15107332
0.01416629
-0.00756486
0.11316089
0.21474169
-0.20350482
-0.05911608
0.05434438
-0.03475356
0.04037448
-0.05139495
-0.07689616
0.02494380
-0.02765928
-0.06403912
0.17641257
0.07779652
-0.17020813
0.08315849
0.12399684
0.20944832
-0.33447668
-0.10164117
0.05570864
0.09788137
-0.03065717
-0.21498042
0.14624420
0.08549722
-0.11740525
-0.09915105
-0.02926582
0.02649197
-0.07125217
-0.06830388
-0.20244156
0.11200988
-0.15920696
-0.29025441
-0.22392973
0.01582505
-0.22378299
0.18786202
0.03649202
0.08303537
0.04351009
-0.03699063
0.03143598
-0.00401215
0.18502568
0.13713257
0.04169928
-0.07543146
0.10081027
-0.06416608
0.06887944
-0.07013807
-0.14712021
-0.09816708
-0.21137571
-0.16133998
0.01969813
0.11617351
-0.13149567
-0.10316961
0.03302862
0.09548258
0.08280338
0.12872808
-0.11108904
-0.04983492
0.03367362
0.05774026
0.07668588
-0.01223567
0.04409898
-0.05143029
0.09181014
-0.13037606
0.04060019
0.09781549
-0.07834145
-0.16016653
-0.08069522
0.06486890
-0.05317574
-0.12818354
-0.00091570
0.11130790
0.02071049
0.05025331
0.10971040
0.15174310
0.04899572
-0.28966144
-0.05381649
-0.11836302
0.03945529
-0.07518293
-0.02062680
0.10036181
-0.00578201
-0.02798668
-0.09015653
0.01046619
-0.11777062
0.11027607
-0.13493158
0.02840146
-0.21488440
-0.04459435
-0.06940106
0.16707428
-0.04327833
0.10379814
0.07089621
-0.16199324
0.01851377
0.01263517
-0.03230835
0.03205360
-0.04359341
0.03559411
0.02657324
-0.05094613
0.33110371
0.05486996
0.04773420
0.16452520
-0.03647381
-0.05208061
-0.08710838
0.00068915
-0.10017930
-0.24772701
0.01769470
0.12087885
0.13194798
0.20015079
-0.03819061
-0.13943751
-0.12128972
-0.03522729
0.11039765
0.17669001
-0.16106141
0.01810831
-0.07494481
0.12648305
-0.05339528
-0.13801458
0.06144755
0.00751197
-0.01991672
-0.00459373
-0.01713201
0.04444864
-0.27209949
-0.16046131
0.08565680
-0.06357518
0.16754112
0.11035194
-0.09145405
0.15615200
-0.04986017
-0.20614518
-0.09928738
-0.09142980
-0.14568654
0.00972337
-0.16827856
-0.09364534
0.00095641
-0.02176841
0.11665942
0.06383151
0.03942110
0.08137875
0.15801612
-0.07418582
-0.02128925
0.13227716
0.07538213
0.05257105
0.04652035
0.04921844
-0.01585037
-0.11573970
0.16543357
0.05585125
-0.07877613
-0.14891370
0.13848095
0.11106297
0.00367991
0.07564531
0.08405238
0.05923076
-0.03612874
-0.03297491
0.03588792
-0.08775489
0.05723823
-0.01965129
0.02517969
0.12388400
0.13221897
0.04840527
-0.15875334
-0.08141118
0.06823684
0.05281017
-0.21809112
0.06807644
0.08037082
0.05766846
0.02174049
0.01458832
0.03530348
0.12749405
0.00481114
-0.08666962
0.06750049
-0.12010717
0.00858874
-0.10350857
-0.07737657
-0.04770790
-0.11471513
-0.06421135
-0.07631925
-0.06666808
-0.00952244
-0.04692192
-0.03846760
-0.08480758
-0.01286010
-0.16113487
-0.13223822
0.11474155
0.06415880
-0.06104946
0.03239941
0.02714911
0.05835897
-0.01159430
-0.07230613
-0.02397221
0.01840315
-0.08765829
-0.11466408
-0.00465926
-0.23435265
0.01481218
-0.16389763
-0.18776302
0.01189518
-0.10716227
-0.05221421
-0.02688171
-0.06637479
-0.03170995
-0.04258414
0.10108208
-0.08528388
-0.02454978
-0.05319667
-0.09577045
-0.03506826
-0.10468360
0.00720884
-0.10837159
0.14607064
0.06373797
-0.06262273
0.06283800
-0.14637850
-0.05432493
-0.01144962
-0.09458117
-0.06091262
-0.17549610
0.02980827
-0.08800095
-0.02491167
0.04252985
-0.06047372
-0.06866457
-0.12003592
0.01649805
-0.13374533
0.09732302
0.06571616
0.11448013
0.10581169
-0.05149420
-0.06941324
0.01486323
-0.06208301
0.08499707
-0.17401710
-0.09742231
-0.03042418
0.02779964
-0.11694725
0.07750511
-0.11241843
0.01033867
-0.02840856
-0.13091366
0.12482384
-0.02743266
-0.06541268
0.17261314
-0.02433066
0.03669077
0.08843096
-0.14617509
0.06262125
-0.03416616
0.00456389
0.01422970
0.15197046
-0.04256607
-0.12333766
0.12531355
0.06608494
0.11751274
0.08408497
0.00603997
0.02738705
-0.07353115
0.05223742
-0.04913688
0.02128803
-0.15958032
-0.01899542
0.01158972
0.01211179
-0.20822428
-0.06002151
0.14934437
0.08266609
-0.10570842
0.03875469
-0.08657357
-0.17720142
0.02009367
0.05797146
0.04839000
-0.02791023
0.05519959
0.01599153
0.00758338
-0.08452082
-0.07912400
-0.05725750
0.13804166
0.07055336
0.00244403
-0.10159634
0.00688888
0.04439794
-0.03220954
-0.00984325
0.12710357
0.09049997
0.05127957
-0.04623095
0.15291217
-0.07134113
0.11460098
0.06431297
-0.20851852
-0.03994214
-0.07707720
-0.15418898
0.08587889
-0.13810742
-0.06176662
0.15191725
-0.00483589
-0.07758757
0.10930417
-0.09771870
-0.00106110
-0.07341903
0.00968525
-0.25598407
-0.18280680
-0.07954773
0.04215237
0.13245927
0.13960582
0.03476815
-0.02696906
-0.10219692
-0.05870607
0.17906621
0.05075932
-0.09360878
-0.04984872
0.01930940
0.06225180
0.00045361
0.04050118
-0.09491872
-0.14840890
0.00732232
-0.06978434
-0.19101878
0.04745649
-0.09105381
-0.07590745
-0.09472939
-0.03467772
0.06484732
-0.01265569
-0.04378992
-0.05096800
0.03583527
0.02884192
-0.13097581
0.10773381
-0.11953709
-0.08704635
-0.12167072
-0.04411947
0.13940786
-0.08051822
0.17194408
0.02080330
-0.03069281
-0.15800200
-0.00644114
0.07645984
-0.09990267
-0.17563611
-0.03468007
-0.08061820
0.01587587
-0.00642483
0.02598196
0.12894174
0.09742782
-0.03230867
-0.07462885
0.02262683
-0.05101929
0.06870932
-0.05292834
0.03769105
-0.15531439
-0.18171500
-0.06003967
-0.06374942
-0.06378596
-0.02176647
-0.01428376
-0.13424137
0.07966482
-0.08227816
0.04001582
0.12221627
-0.09432445
0.14770977
-0.12938783
0.12062941
0.06316613
-0.04264118
-0.07525105
-0.07248375
0.01832390
-0.11815575
-0.02164587
-0.17387632
-0.00640364
-0.07619341
0.01834547
-0.07974841
0.06304936
0.16035110
0.11687030
0.08514439
-0.13150327
-0.13565709
-0.16078256
-0.02983995
0.07490321
-0.07473365
-0.00941784
-0.13756862
0.17466266
-0.00576830
0.01341214
-0.01088479
0.04850048
-0.16671753
0.06295387
0.00082931
0.01408281
