0.73555249
0.08715565
0.12157850
0.48454821
0.54606682
0.48187295
-0.14590184
-0.20612857
0.59141153
0.94329572
-0.83973473
-0.14915654
0.18023506
-0.03360444
0.06999978
-0.79726881
-0.98064131
0.90933460
0.58754367
0.21372037
0.55146843
0.02343173
0.79442662
-0.82613456
0.85766566
0.05939058
0.87609923
-0.47539362
0.72047639
0.07783104
0.23741207
0.48365241
-0.66954076
0.09575695
0.50007898
0.78616554
-1.04699051
0.01012816
0.68436444
-1.01801610
-0.61284387
-0.76531506
-0.02961704
-0.84000742
-0.96458024
-0.76143867
-0.89244473
-0.18062638
0.44107518
-0.14676318
-0.71713853
-0.32538396
0.72666281
0.51917762
-0.95163047
0.73181719
0.54146540
0.91414231
0.48386604
0.80919665
0.65588260
-0.36686590
0.80359310
-0.30947235
