0.01205217
0.12008531
-0.05279681
0.08465765
0.06436269
-0.01211255
0.03716921
0.03992300
-0.13292247
-0.04513461
0.04392388
-0.08553568
-0.04764154
-0.08995657
-0.04381724
-0.06850553
0.08333965
0.10779240
0.07427502
-0.02946260
-0.07901958
-0.03900552
-0.11620864
0.00977864
0.11625373
0.06662319
0.11126414
0.06713845
-0.01456895
-0.03232453
-0.00883097
-0.07697246
-0.06310214
0.04884171
-0.10755389
0.10940589
-0.06926183
0.02529158
-0.09243817
-0.11285377
-0.03782978
-0.01770655
0.06757432
-0.10637113
-0.00311466
0.05995851
-0.02746837
0.00335204
0.00382604
0.02993216
0.11406253
0.10398202
-0.09570946
-0.06302917
-0.02288027
-0.13139762
0.04831948
0.09682296
-0.11189476
-0.02275382
-0.07397532
-0.05131178
-0.07997991
-0.10881774
