0011100111100010
0010110110010100
0010111111001000
0011011111000001
0011100001011110
0011011110110110
1011000010101011
1011001010011001
0011100010111011
0011101110001100
1011101010111000
1011000011000110
0011000111000100
1010100001001101
0010110001111011
1011101001100001
1011101111011000
0011101101000110
0011100010110011
0011001011010111
0011100001101001
0010011000000000
0011101001011011
1011101010011100
0011101011011100
0010101110011010
0011101100000010
1011011110011011
0011100111000100
0010110011111011
0011001110011001
0011011110111101
1011100101011011
0010111000100001
0011100000000000
0011101001001010
1011110000110000
0010000100110000
0011100101111010
1011110000010010
1011100011100111
1011101000011111
1010011110010101
1011101010111000
1011101110110111
1011101000010111
1011101100100100
1011000111001000
0011011100001111
1011000010110010
1011100110111101
1011010100110101
0011100111010000
0011100000100111
1011101110011101
0011100111011011
0011100001010101
0011101101010000
0011011110111110
0011101001111001
0011100100111111
1011010111011111
0011101001101110
1011010011110100
