0.04913578
0.09885897
0.12752707
-0.09451978
0.09153622
0.01298312
-0.06623554
0.07941210
-0.02343211
0.07330100
0.14929371
-0.07778331
-0.05109426
0.09174813
-0.06516121
-0.09047787
-0.08812093
-0.17686421
0.10922873
0.12872116
0.02831014
0.07702495
-0.00892281
-0.03000162
-0.09143782
-0.09797718
0.08324831
0.12337710
-0.11215103
0.07272226
-0.00127588
0.05495549
0.03084867
-0.07214946
-0.10903122
-0.06258804
0.16839789
0.09961957
-0.02611888
0.00532630
0.06142625
0.04683194
0.04264133
0.10740787
-0.03908505
0.03312566
0.15127888
-0.06021672
-0.07194760
-0.09657535
-0.16329607
-0.07699131
0.06491008
0.12510677
-0.02676924
0.07746636
-0.02475155
0.15510969
0.00827063
0.10307244
-0.03801011
-0.05311042
0.04805031
-0.03574463
