0000000000000010
0000000000000010
0000000000000010
0000000000000010
0000000000000010
0000000000000010
0000000000000010
0000000000000010
0000000000000010
0000000000000010
0000000000000011
0000000000000011
0000000000000011
0000000000000011
0000000000000011
0000000000000011
0000000000000011
0000000000000011
0000000000000011
0000000000000011
0000000000000011
0000000000000100
0000000000000100
0000000000000100
0000000000000100
0000000000000100
0000000000000100
0000000000000100
0000000000000100
0000000000000101
0000000000000101
0000000000000101
0000000000000101
0000000000000101
0000000000000101
0000000000000101
0000000000000110
0000000000000110
0000000000000110
0000000000000110
0000000000000110
0000000000000111
0000000000000111
0000000000000111
0000000000000111
0000000000000111
0000000000001000
0000000000001000
0000000000001000
0000000000001000
0000000000001001
0000000000001001
0000000000001001
0000000000001001
0000000000001010
0000000000001010
0000000000001010
0000000000001011
0000000000001011
0000000000001011
0000000000001100
0000000000001100
0000000000001100
0000000000001101
0000000000001101
0000000000001110
0000000000001110
0000000000001110
0000000000001111
0000000000001111
0000000000010000
0000000000010000
0000000000010001
0000000000010001
0000000000010010
0000000000010010
0000000000010011
0000000000010011
0000000000010100
0000000000010101
0000000000010101
0000000000010110
0000000000010111
0000000000010111
0000000000011000
0000000000011001
0000000000011010
0000000000011010
0000000000011011
0000000000011100
0000000000011101
0000000000011110
0000000000011111
0000000000100000
0000000000100001
0000000000100010
0000000000100011
0000000000100100
0000000000100101
0000000000100110
0000000000100111
0000000000101000
0000000000101010
0000000000101011
0000000000101100
0000000000101101
0000000000101111
0000000000110000
0000000000110010
0000000000110011
0000000000110101
0000000000110111
0000000000111000
0000000000111010
0000000000111100
0000000000111110
0000000000111111
0000000001000001
0000000001000011
0000000001000110
0000000001001000
0000000001001010
0000000001001100
0000000001001110
0000000001010001
0000000001010011
0000000001010110
0000000001011001
0000000001011011
0000000001011110
0000000001100001
0000000001100100
0000000001100111
0000000001101010
0000000001101110
0000000001110001
0000000001110100
0000000001111000
0000000001111100
0000000001111111
0000000010000011
0000000010000111
0000000010001100
0000000010010000
0000000010010100
0000000010011001
0000000010011110
0000000010100010
0000000010100111
0000000010101101
0000000010110010
0000000010110111
0000000010111101
0000000011000011
0000000011001001
0000000011001111
0000000011010101
0000000011011100
0000000011100011
0000000011101010
0000000011110001
0000000011111000
0000000100000000
0000000100001000
0000000100010000
0000000100011000
0000000100100001
0000000100101010
0000000100110011
0000000100111100
0000000101000110
0000000101010000
0000000101011010
0000000101100101
0000000101110000
0000000101111011
0000000110000111
0000000110010011
0000000110011111
0000000110101100
0000000110111001
0000000111000111
0000000111010101
0000000111100011
0000000111110010
0000001000000010
0000001000010001
0000001000100010
0000001000110011
0000001001000100
0000001001010110
0000001001101000
0000001001111011
0000001010001111
0000001010100011
0000001010110111
0000001011001101
0000001011100011
0000001011111010
0000001100010001
0000001100101001
0000001101000010
0000001101011100
0000001101110110
0000001110010010
0000001110101110
0000001111001011
0000001111101000
0000010000000111
0000010000100111
0000010001001000
0000010001101001
0000010010001100
0000010010110000
0000010011010101
0000010011111011
0000010100100010
0000010101001011
0000010101110100
0000010110011111
0000010111001011
0000010111111001
0000011000101000
0000011001011001
0000011010001011
0000011010111110
0000011011110011
0000011100101010
0000011101100010
0000011110011100
0000011111011000
0000100000001011
0000100000101011
0000100001001100
0000100001101110
0000100010010000
0000100010110100
0000100011011001
0000100100000000
0000100100100111
0000100101010000
0000100101111001
0000100110100101
0000100111010001
0000100111111111
0000101000101110
0000101001011111
0000101010010001
0000101011000101
0000101011111010
0000101100110001
0000101101101001
0000101110100100
0000101111100000
0000110000001111
0000110000101111
0000110001010000
0000110001110010
0000110010010101
0000110010111001
0000110011011110
0000110100000100
0000110100101100
0000110101010101
0000110101111111
0000110110101010
0000110111010110
0000111000000100
0000111000110100
0000111001100101
0000111010010111
0000111011001011
0000111100000000
0000111100110111
0000111101110000
0000111110101011
0000111111100111
0001000000010011
0001000000110011
0001000001010100
0001000001110110
0001000010011001
0001000010111101
0001000011100010
0001000100001001
0001000100110001
0001000101011001
0001000110000011
0001000110101111
0001000111011100
0001001000001010
0001001000111001
0001001001101010
0001001010011101
0001001011010001
0001001100000110
0001001100111110
0001001101110111
0001001110110001
0001001111101110
0001010000010110
0001010000110110
0001010001010111
0001010001111010
0001010010011101
0001010011000001
0001010011100110
0001010100001101
0001010100110101
0001010101011110
0001010110001000
0001010110110011
0001010111100000
0001011000001110
0001011000111110
0001011001101111
0001011010100010
0001011011010110
0001011100001100
0001011101000011
0001011101111100
0001011110110111
0001011111110100
0001100000011001
0001100000111001
0001100001011010
0001100001111101
0001100010100000
0001100011000100
0001100011101010
0001100100010000
0001100100111000
0001100101100001
0001100110001011
0001100110110111
0001100111100100
0001101000010010
0001101001000010
0001101001110011
0001101010100110
0001101011011010
0001101100001111
0001101101000111
0001101110000000
0001101110111011
0001101111110111
0001110000011011
0001110000111011
0001110001011100
0001110001111111
0001110010100010
0001110011000110
0001110011101100
0001110100010010
0001110100111010
0001110101100011
0001110110001101
0001110110111000
0001110111100101
0001111000010011
0001111001000011
0001111001110100
0001111010100110
0001111011011010
0001111100010000
0001111101000111
0001111110000000
0001111110111011
0001111111110111
0010000000011011
0010000000111011
0010000001011100
0010000001111110
0010000010100001
0010000011000101
0010000011101010
0010000100010001
0010000100111000
0010000101100001
0010000110001011
0010000110110110
0010000111100010
0010001000010000
0010001000111111
0010001001110000
0010001010100010
0010001011010101
0010001100001010
0010001101000001
0010001101111001
0010001110110011
0010001111101111
0010010000010110
0010010000110110
0010010001010111
0010010001111000
0010010010011011
0010010010111110
0010010011100011
0010010100001001
0010010100110000
0010010101011000
0010010110000001
0010010110101011
0010010111010111
0010011000000100
0010011000110010
0010011001100001
0010011010010010
0010011011000101
0010011011111001
0010011100101110
0010011101100101
0010011110011101
0010011111011000
0010100000001010
0010100000101000
0010100001001000
0010100001101001
0010100010001010
0010100010101101
0010100011010000
0010100011110101
0010100100011010
0010100101000001
0010100101101000
0010100110010001
0010100110111011
0010100111100110
0010101000010010
0010101001000000
0010101001101110
0010101010011110
0010101011010000
0010101100000010
0010101100110110
0010101101101100
0010101110100011
0010101111011011
0010110000001011
0010110000101000
0010110001000111
0010110001100110
0010110010000111
0010110010101000
0010110011001010
0010110011101100
0010110100010000
0010110100110101
0010110101011010
0010110110000001
0010110110101000
0010110111010001
0010110111111010
0010111000100101
0010111001010001
0010111001111101
0010111010101011
0010111011011010
0010111100001010
0010111100111011
0010111101101101
0010111110100001
0010111111010110
0011000000000110
0011000000100001
0011000000111110
0011000001011011
0011000001111000
0011000010010110
0011000010110101
0011000011010100
0011000011110101
0011000100010101
0011000100110111
0011000101011001
0011000101111100
0011000110100000
0011000111000100
0011000111101001
0011001000001111
0011001000110101
0011001001011100
0011001010000100
0011001010101101
0011001011010110
0011001100000000
0011001100101011
0011001101010111
0011001110000011
0011001110110000
0011001111011101
0011010000000110
0011010000011101
0011010000110101
0011010001001110
0011010001100110
0011010001111111
0011010010011000
0011010010110010
0011010011001100
0011010011100110
0011010100000001
0011010100011011
0011010100110110
0011010101010010
0011010101101110
0011010110001001
0011010110100110
0011010111000010
0011010111011111
0011010111111100
0011011000011001
0011011000110110
0011011001010100
0011011001110010
0011011010010000
0011011010101110
0011011011001100
0011011011101010
0011011100001001
0011011100101000
0011011101000110
0011011101100101
0011011110000100
0011011110100011
0011011111000010
0011011111100001
0011100000000000
0011100000010000
0011100000011111
0011100000101111
0011100000111110
0011100001001101
0011100001011101
0011100001101100
0011100001111100
0011100010001011
0011100010011010
0011100010101001
0011100010111000
0011100011000111
0011100011010110
0011100011100101
0011100011110011
0011100100000010
0011100100010001
0011100100011111
0011100100101101
0011100100111011
0011100101001001
0011100101010111
0011100101100101
0011100101110010
0011100110000000
0011100110001101
0011100110011010
0011100110100111
0011100110110100
0011100111000000
0011100111001101
0011100111011001
0011100111100101
0011100111110001
0011100111111101
0011101000001001
0011101000010100
0011101000011111
0011101000101010
0011101000110101
0011101001000000
0011101001001010
0011101001010101
0011101001011111
0011101001101001
0011101001110011
0011101001111100
0011101010000110
0011101010001111
0011101010011000
0011101010100001
0011101010101010
0011101010110010
0011101010111011
0011101011000011
0011101011001011
0011101011010011
0011101011011010
0011101011100010
0011101011101001
0011101011110001
0011101011111000
0011101011111111
0011101100000101
0011101100001100
0011101100010010
0011101100011001
0011101100011111
0011101100100101
0011101100101011
0011101100110000
0011101100110110
0011101100111011
0011101101000001
0011101101000110
0011101101001011
0011101101010000
0011101101010101
0011101101011001
0011101101011110
0011101101100010
0011101101100111
0011101101101011
0011101101101111
0011101101110011
0011101101110111
0011101101111011
0011101101111111
0011101110000010
0011101110000110
0011101110001001
0011101110001101
0011101110010000
0011101110010011
0011101110010110
0011101110011001
0011101110011100
0011101110011111
0011101110100010
0011101110100100
0011101110100111
0011101110101001
0011101110101100
0011101110101110
0011101110110001
0011101110110011
0011101110110101
0011101110110111
0011101110111001
0011101110111011
0011101110111101
0011101110111111
0011101111000001
0011101111000011
0011101111000101
0011101111000111
0011101111001000
0011101111001010
0011101111001011
0011101111001101
0011101111001110
0011101111010000
0011101111010001
0011101111010011
0011101111010100
0011101111010101
0011101111010111
0011101111011000
0011101111011001
0011101111011010
0011101111011011
0011101111011100
0011101111011101
0011101111011110
0011101111011111
0011101111100000
0011101111100001
0011101111100010
0011101111100011
0011101111100100
0011101111100101
0011101111100101
0011101111100110
0011101111100111
0011101111101000
0011101111101000
0011101111101001
0011101111101010
0011101111101010
0011101111101011
0011101111101100
0011101111101100
0011101111101101
0011101111101101
0011101111101110
0011101111101111
0011101111101111
0011101111110000
0011101111110000
0011101111110001
0011101111110001
0011101111110001
0011101111110010
0011101111110010
0011101111110011
0011101111110011
0011101111110011
0011101111110100
0011101111110100
0011101111110101
0011101111110101
0011101111110101
0011101111110110
0011101111110110
0011101111110110
0011101111110110
0011101111110111
0011101111110111
0011101111110111
0011101111111000
0011101111111000
0011101111111000
0011101111111000
0011101111111001
0011101111111001
0011101111111001
0011101111111001
0011101111111001
0011101111111010
0011101111111010
0011101111111010
0011101111111010
0011101111111010
0011101111111010
0011101111111011
0011101111111011
0011101111111011
0011101111111011
0011101111111011
0011101111111011
0011101111111100
0011101111111100
0011101111111100
0011101111111100
0011101111111100
0011101111111100
0011101111111100
0011101111111100
0011101111111100
0011101111111101
0011101111111101
0011101111111101
0011101111111101
0011101111111101
0011101111111101
0011101111111101
0011101111111101
0011101111111101
0011101111111101
0011101111111101
0011101111111110
0011101111111110
0011101111111110
0011101111111110
0011101111111110
0011101111111110
0011101111111110
0011101111111110
0011101111111110
0011101111111110
0011101111111110
0011101111111110
0011101111111110
0011101111111110
0011101111111110
0011101111111110
0011101111111110
0011101111111111
0011101111111111
0011101111111111
0011101111111111
0011101111111111
0011101111111111
0011101111111111
0011101111111111
0011101111111111
0011101111111111
0011101111111111
0011101111111111
0011101111111111
0011101111111111
0011101111111111
0011101111111111
0011101111111111
0011101111111111
0011101111111111
0011101111111111
0011101111111111
0011101111111111
0011101111111111
0011101111111111
0011101111111111
0011101111111111
0011101111111111
0011101111111111
0011101111111111
0011101111111111
0011101111111111
0011101111111111
0011101111111111
0011101111111111
0011101111111111
0011101111111111
0011110000000000
0011110000000000
0011110000000000
0011110000000000
0011110000000000
0011110000000000
0011110000000000
0011110000000000
0011110000000000
0011110000000000
0011110000000000
0011110000000000
0011110000000000
0011110000000000
0011110000000000
0011110000000000
0011110000000000
0011110000000000
0011110000000000
0011110000000000
0011110000000000
0011110000000000
0011110000000000
0011110000000000
0011110000000000
0011110000000000
0011110000000000
0011110000000000
0011110000000000
0011110000000000
0011110000000000
0011110000000000
0011110000000000
0011110000000000
0011110000000000
0011110000000000
0011110000000000
0011110000000000
0011110000000000
0011110000000000
0011110000000000
0011110000000000
0011110000000000
0011110000000000
0011110000000000
0011110000000000
0011110000000000
0011110000000000
0011110000000000
0011110000000000
0011110000000000
0011110000000000
0011110000000000
0011110000000000
0011110000000000
0011110000000000
0011110000000000
0011110000000000
0011110000000000
0011110000000000
0011110000000000
0011110000000000
0011110000000000
0011110000000000
0011110000000000
0011110000000000
0011110000000000
0011110000000000
0011110000000000
0011110000000000
0011110000000000
0011110000000000
0011110000000000
0011110000000000
0011110000000000
0011110000000000
0011110000000000
0011110000000000
0011110000000000
0011110000000000
0011110000000000
0011110000000000
0011110000000000
0011110000000000
0011110000000000
0011110000000000
0011110000000000
0011110000000000
0011110000000000
0011110000000000
0011110000000000
0011110000000000
0011110000000000
0011110000000000
0011110000000000
0011110000000000
0011110000000000
0011110000000000
0011110000000000
0011110000000000
0011110000000000
0011110000000000
0011110000000000
0011110000000000
0011110000000000
0011110000000000
0011110000000000
0011110000000000
0011110000000000
0011110000000000
0011110000000000
0011110000000000
0011110000000000
0011110000000000
0011110000000000
0011110000000000
0011110000000000
0011110000000000
0011110000000000
0011110000000000
0011110000000000
0011110000000000
0011110000000000
0011110000000000
0011110000000000
0011110000000000
0011110000000000
0011110000000000
0011110000000000
0011110000000000
0011110000000000
0011110000000000
0011110000000000
0011110000000000
0011110000000000
0011110000000000
0011110000000000
0011110000000000
0011110000000000
0011110000000000
0011110000000000
0011110000000000
0011110000000000
0011110000000000
0011110000000000
0011110000000000
0011110000000000
0011110000000000
0011110000000000
0011110000000000
0011110000000000
0011110000000000
0011110000000000
0011110000000000
0011110000000000
0011110000000000
0011110000000000
0011110000000000
0011110000000000
0011110000000000
0011110000000000
0011110000000000
0011110000000000
0011110000000000
0011110000000000
0011110000000000
0011110000000000
0011110000000000
0011110000000000
0011110000000000
0011110000000000
0011110000000000
0011110000000000
0011110000000000
0011110000000000
0011110000000000
0011110000000000
0011110000000000
0011110000000000
0011110000000000
0011110000000000
0011110000000000
0011110000000000
0011110000000000
0011110000000000
0011110000000000
0011110000000000
0011110000000000
0011110000000000
0011110000000000
0011110000000000
0011110000000000
0011110000000000
0011110000000000
0011110000000000
0011110000000000
0011110000000000
0011110000000000
0011110000000000
0011110000000000
0011110000000000
0011110000000000
0011110000000000
0011110000000000
0011110000000000
0011110000000000
0011110000000000
0011110000000000
0011110000000000
0011110000000000
0011110000000000
0011110000000000
0011110000000000
0011110000000000
0011110000000000
0011110000000000
0011110000000000
0011110000000000
0011110000000000
0011110000000000
0011110000000000
