0011001101011111
1011100010001101
0011101111000010
0011101000010001
1011101110000111
0010111001000111
1011110000110110
0011101001011101
0010110010110111
0011110100110011
0011010011100001
1100001001100001
1011111101101000
0011111011001100
0011100011100010
1011110000000110
1011100010111001
0011110001000001
0011100101111110
0011010001110001
0011010101011110
1010110001101010
1011001100000101
1011010100011101
0010101111011111
0011100100001111
0011110101011000
0011101101011011
1011111111101001
1011100000101110
0100000000111100
1010111110001010
1011101110011111
1011000111110000
1010101000000101
1100000010000101
0011100100110110
1001101010111010
0010010001011001
1011111001000100
0011001111011011
0100000101010110
0011010110100000
0011100100111110
1011100001101010
1011101111001110
1011010101100011
0011100100101110
0011010001111101
1011100110110100
1011110110111100
0011100101100000
1011100010001000
1011110001010100
0011011000011011
0010100010010110
1011110111001111
1011011000000010
1011001101011010
1010101011111001
0011111000111011
0011110011111011
1011000010101111
1011101111001011
