-0.08275478
-0.05819104
0.08526806
0.04324562
0.01104724
-0.07377769
-0.11580569
0.04261779
0.09084782
0.10820013
0.04947404
0.06412555
0.04885310
0.11258338
0.04231773
0.00484170
-0.07506977
0.09979136
0.07164267
-0.00488984
-0.00648832
0.03743212
0.03709861
0.12031665
0.06993817
-0.03916414
-0.06701677
0.04893029
0.05991486
-0.04930435
0.07764365
0.07580557
-0.02628774
0.11856095
-0.06978385
0.08065496
-0.01912202
-0.09944669
0.06409700
0.00733597
-0.10273359
0.11935432
0.04265517
-0.00708106
0.02826866
-0.10215180
-0.03774288
0.02581468
0.02582602
0.09675699
-0.02435621
-0.05333810
0.02101075
-0.06959319
0.04179459
0.00186913
0.12183636
-0.02558251
0.08015505
0.12174667
-0.11078275
0.04295946
0.00976727
-0.06492923
