1011110011101011
1011101101100100
1011110000111101
0011110101110000
0011110001000101
0010111000100101
0011101001100101
0011101010000000
1011111100111111
0011101100101111
1011100111011100
1010110010011011
0011110000101010
0011001001111000
1011101000100010
0010100110110000
0011101000110100
1010010010101101
0011110101110010
0011001010011110
0011110001110101
1011111000111100
1011011110000111
0011001101110110
0011101001101001
0011011100111001
0011110000101111
1011011000000101
0011100101000001
1011011000010000
1011100010000010
0011110100101101
0011011100000001
1011010100001101
1011111001011000
1011101100110000
0011011010011101
1011111010100001
1011111010010110
0011000111110011
0011110011011000
0011011111100101
1011011111101001
0010111101110001
0011001111111110
0001101001011001
1011110001001100
0011101010001110
0011100011101101
0010110100100010
1011101001010110
0011110011000111
1011100110100010
1011011010110100
0010110110111000
0011110010000111
1010111000001000
0011110101010101
0011000111101010
1011100001001110
1011110111100100
1011100000100010
0011110010011100
1011110101011111
