0.12056947
-0.16071500
-0.30057529
0.06317919
0.16551329
0.20145428
0.17168075
-0.17570673
0.02970777
0.14550368
0.11752982
0.22679557
0.19873594
-0.05894718
-0.22139338
0.22316431
0.17775355
-0.18965198
-0.17376553
0.02221056
0.22169566
-0.05965643
0.05817951
-0.02073892
-0.03882914
0.18156901
0.05441542
0.22407855
0.11231492
-0.11140946
0.20923881
-0.09517077
0.06504040
0.15065931
0.16638553
0.09270206
0.16612361
-0.16264464
0.14798391
0.05130254
-0.19264917
-0.16387613
-0.19291002
0.17660314
-0.10501687
-0.19485049
-0.01680691
0.18936361
-0.03715977
0.19312775
0.21016791
-0.17330562
-0.15632282
-0.16290750
-0.19566241
-0.06109837
-0.07140830
0.04660350
-0.09816574
-0.16334009
0.14392020
0.25023293
-0.12846352
-0.23075068
-0.16162571
0.28194699
0.09042226
-0.15409048
-0.09782222
-0.21250476
-0.16508783
0.20416760
-0.26728398
-0.11587009
-0.31828210
-0.26170588
-0.13181928
0.21427879
0.11545668
-0.15276049
-0.10651489
-0.03215745
-0.04007499
0.19177981
-0.23007192
0.15201561
-0.14437564
0.25309578
0.12363323
-0.21152771
-0.06073283
-0.13388200
-0.12320597
0.22787060
-0.17396490
0.14551647
-0.22135673
-0.19344215
-0.28480443
-0.19699386
-0.19232577
0.15982239
-0.25265837
-0.18460125
0.10950807
0.18215996
0.06805382
-0.20902714
0.27811882
0.23265077
0.23734339
-0.15024705
0.16186111
-0.14114039
-0.09130871
0.14267534
0.08868545
0.16699727
0.14302336
0.09033775
0.17614345
-0.14442740
0.10628022
0.13675128
-0.18083930
-0.16309637
0.07068390
0.18597470
