0.232190
-0.328936
-0.406333
-0.386984
0.193492
-0.503079
0.503079
0.425682
0.348286
0.522428
-0.367635
0.019349
-0.406333
0.522428
0.058048
0.000000
0.541778
1.141603
0.851365
-0.715920
0.773968
0.270889
-1.277047
0.135444
0.019349
0.193492
-0.561127
1.393142
-0.232190
-0.058048
0.928762
-1.160952
0.599825
-1.199650
-0.077397
0.890063
0.038698
0.058048
-0.309587
-0.309587
-0.677222
-0.348286
0.619174
0.890063
0.406333
-0.503079
-0.445032
0.677222
-0.038698
-2.476698
0.812666
0.832016
0.851365
0.251540
0.154794
-0.154794
-0.096746
-0.367635
0.038698
-0.212841
-0.425682
0.116095
0.251540
0.154794
-0.619174
1.122254
-1.083555
1.238349
-1.064206
0.928762
0.425682
-0.832016
-0.619174
-0.425682
0.812666
-0.967460
0.754619
-0.967460
-0.851365
-0.386984
-0.270889
0.406333
0.948111
-0.599825
0.328936
0.386984
-0.290238
0.348286
0.348286
0.193492
0.116095
-1.180301
-0.406333
0.174143
-0.019349
0.290238
