-0.08826983
0.00721208
0.12044070
0.08694874
0.04687675
0.03886156
-0.04102268
0.01761208
0.10095245
-0.13730533
-0.02347277
-0.01995156
0.07781737
-0.11641856
-0.12086136
0.01515908
0.10329562
-0.05361702
0.10625221
0.01536576
-0.04304584
0.23377365
0.08244330
-0.05649334
0.15272696
-0.18021584
0.08293059
-0.06027406
0.06703745
-0.08629915
0.06426882
0.20306492
0.03736956
0.08165250
0.02059943
-0.02139423
0.00368237
0.00169532
0.12819420
-0.19217201
0.04637432
-0.01039479
0.24679495
0.35624573
-0.15714327
0.14693394
-0.05172130
-0.09437796
0.00422580
0.05507332
0.09757910
0.08024576
0.01021658
0.18281361
-0.01155969
0.13291618
0.04839179
0.02181037
-0.28893471
-0.08208171
0.04261114
0.12149247
-0.11601608
-0.03590566
-0.04649416
-0.03581479
0.03924375
0.08272076
-0.13398066
0.19804338
-0.02763729
0.07856937
0.05262632
0.01254555
-0.04939751
0.03550211
-0.08996283
0.02623947
-0.21601062
0.00205585
-0.06719694
0.09822155
0.00120070
0.08258235
-0.04261611
0.27069530
0.11856972
0.02135501
0.01009715
-0.28766558
-0.04837701
-0.00250995
0.14322126
-0.12284391
0.00612893
0.11177231
0.18704329
0.01455423
-0.03235284
-0.05243925
0.09686521
0.06507711
-0.10136919
-0.35842153
0.15760803
-0.08590627
0.24580230
0.41895056
-0.01806709
0.11282919
0.07508512
0.01757742
0.00647075
0.00640823
-0.07475775
0.06225393
-0.11876126
0.30166435
-0.00514728
-0.02813993
-0.08439445
-0.12010699
-0.55398554
-0.03400327
-0.02446359
-0.04564263
-0.01454112
0.02896036
-0.00913038
0.07335369
0.03739461
0.08419551
-0.13616994
0.18876167
0.13324027
-0.01958370
0.08141179
-0.14459358
-0.21420801
0.10585050
-0.13287537
-0.08451537
-0.39816490
0.03832510
-0.01522394
0.08301020
0.05694095
0.05813683
0.01731155
0.37272421
0.20567381
-0.05760020
0.13019888
-0.24235807
0.09326667
0.03805158
-0.10863356
-0.28672308
0.08755558
0.11703155
0.17062324
0.05498455
-0.11223736
-0.13208701
-0.01538509
0.11827186
0.02767069
-0.56564713
0.01506989
-0.02413119
0.10402288
0.35964507
-0.13961521
0.06540532
0.10715828
0.10794483
-0.02361264
-0.15027529
0.12809868
0.12106419
0.02154198
0.32331911
-0.07467123
-0.10353580
-0.03245714
0.02057995
-0.46135634
0.12521414
-0.04166114
-0.04121526
-0.00720096
0.12128093
-0.07165720
-0.01615565
-0.11920033
-0.11080343
-0.09164755
0.17954519
-0.02206973
0.03906260
-0.04225228
0.06548502
-0.12471890
-0.00609154
0.08723078
0.08617698
-0.31738105
0.02439268
-0.00349061
0.10324091
-0.04337783
0.11210258
-0.00556560
0.40083262
0.04892084
0.08128954
-0.02693888
-0.23487189
0.11634046
0.03964919
-0.11358433
-0.12598094
0.14364217
0.12108494
-0.02619704
0.04092630
-0.11953905
-0.03455047
0.01869373
-0.06657401
-0.01415462
-0.50788772
-0.02728638
0.12611839
0.09994731
0.52212548
-0.17503896
0.05122847
0.12190834
-0.08173542
0.13841464
-0.02269473
-0.07926542
0.08534893
-0.08855477
0.30372959
0.06464130
0.11177817
0.06452332
0.03377549
-0.64203358
0.08862149
-0.06131478
0.13346311
0.06090812
0.04779202
-0.10317364
-0.08980519
0.07195766
0.04832613
0.13165085
-0.30706307
-0.11232854
0.10832202
-0.02977144
-0.08106267
0.08427469
0.03167525
-0.03885543
-0.07658096
0.29175898
0.08714709
0.07654493
-0.12963095
0.02605797
-0.01007226
0.05100884
-0.38069066
-0.14455339
0.01274423
-0.12534530
0.17913778
0.01356941
-0.04384517
-0.13027021
0.30461976
-0.20917100
-0.07555564
-0.13425982
-0.11394369
0.13201189
-0.03638692
0.02550828
0.05879667
-0.04110711
0.40843821
-0.17394747
-0.01614717
-0.14643595
-0.44847119
0.04802451
-0.01023461
-0.04005095
-0.07035419
-0.01937532
0.03967085
-0.01669526
0.02575347
-0.02500847
-0.39975938
-0.01723025
-0.01712322
-0.08441088
-0.06036599
0.56080973
-0.02887904
-0.12821753
-0.06741615
-0.12244537
-0.01273235
0.09211053
-0.12831599
-0.00741085
0.01519883
0.08404325
-0.13795795
-0.07241639
0.08727486
0.00648545
-0.07737870
0.05357811
0.11748412
-0.00274874
-0.02138818
0.15937404
-0.00330497
-0.04124397
0.04369214
-0.06232857
0.13322318
0.00576174
-0.16592649
-0.07157887
0.02531450
0.00509753
0.30865064
-0.10176031
-0.00637956
0.10937362
0.09759911
0.01074023
-0.10451426
0.00726775
-0.13987616
0.08136895
0.00729373
0.02604526
-0.10479872
0.08557406
0.33182645
-0.08847621
0.03938361
-0.15213293
-0.52264637
0.11163495
-0.14191315
-0.03466140
-0.07582930
-0.01050931
0.11689841
0.03563299
-0.02577513
0.02232351
-0.23641285
-0.13476485
0.00132863
0.10663012
0.02264607
0.53659409
-0.02319231
0.03328676
-0.12814271
-0.00688983
-0.00937400
0.02798457
0.04188426
0.00505541
-0.09233443
0.08048514
-0.23723167
0.02988114
0.01769318
-0.11258069
0.11983948
0.10670180
0.08754178
-0.03720128
0.01733598
0.32707533
0.02332853
-0.03999031
0.08939918
-0.01904208
-0.02175955
-0.11419140
-0.31643322
0.00291388
-0.04096412
-0.20662060
0.26053619
0.05787028
-0.03131213
-0.13760364
0.10709687
-0.06989428
-0.17916985
-0.00180767
-0.15403488
0.09399974
-0.04776443
0.11896947
-0.12628460
0.05300456
0.33803615
-0.06337737
-0.04970172
-0.18617059
-0.53364664
0.14305936
0.01033668
-0.16683540
0.05973843
0.02319872
-0.04069629
-0.07123065
-0.06053260
0.10697578
-0.37949121
0.06821165
0.03138811
0.10631162
0.01961879
0.53310883
-0.05237610
0.01099186
-0.01823713
0.00761708
-0.19559191
0.05593099
-0.15868674
-0.11856492
0.09353526
0.08816271
-0.12279420
-0.06666106
-0.02428761
-0.02972750
0.10783301
0.08079489
-0.02719196
-0.06492172
0.00604615
0.15769045
0.04885695
-0.09432781
0.00505707
0.10029989
-0.09717322
-0.04206694
-0.36780140
-0.11086734
0.00560003
-0.08037912
0.19750398
0.06540757
0.01450918
-0.12510845
0.07130186
-0.09431104
-0.22224501
-0.09743975
0.00134507
0.08675440
0.11846181
0.08597869
-0.08264991
-0.11770460
0.32158852
-0.06069501
-0.07143930
-0.11812834
-0.38816532
0.00110996
-0.12594081
-0.11504691
-0.00594339
-0.07388187
-0.05121096
-0.06921852
-0.07604187
0.09555828
-0.28724030
-0.01292635
-0.10075369
-0.04042994
0.00394483
0.64709085
-0.13335110
0.01333452
-0.08848657
-0.00976973
-0.07712673
0.11634129
-0.00078153
-0.11825299
0.00891342
0.00836707
-0.24518935
0.02973725
0.00520993
-0.12207992
-0.10523805
0.19959755
-0.07206529
0.03546418
-0.11445034
0.19308005
0.08988421
-0.04189733
0.00114969
0.08787002
0.01627957
0.01353234
-0.37249818
-0.21014532
-0.06548982
-0.07043415
0.19459417
0.02399208
-0.01230489
-0.08157608
0.16785856
0.00262797
-0.02304049
-0.16970567
-0.19826573
-0.10319739
-0.06673180
0.05760273
0.10356857
0.07724885
0.42899027
0.03091661
0.09292513
-0.07596299
-0.40821740
0.06092219
-0.07301873
-0.15882014
-0.04595593
-0.01917167
0.17350222
0.02162175
-0.08376560
0.00934820
-0.24550655
-0.16463295
0.03852418
0.12701967
0.11590720
0.52717376
-0.03808936
0.01526060
-0.13864134
0.07097048
-0.14453860
-0.07372964
-0.04458705
-0.05798015
-0.11237600
-0.10849024
0.08683553
0.16452630
0.05747929
-0.03850546
-0.06592464
-0.09684364
0.07286433
0.05892191
0.07277636
-0.34963366
-0.09364893
-0.11250165
-0.00895709
-0.09495489
0.07881676
0.04302318
0.16449834
0.15132958
-0.03097751
0.04990485
-0.25855356
-0.00335445
-0.10455517
0.08163083
-0.23346862
0.18957807
0.01170292
0.14181596
0.02562562
0.05297196
0.03278993
0.01316929
0.09801760
0.12288596
-0.53430712
0.00251179
0.05495515
0.27465996
0.51935589
0.01503263
-0.01961157
-0.03599383
0.06203160
-0.04548644
-0.04030866
0.00518631
0.04239070
-0.11224870
0.26723704
0.11632876
0.02328265
0.10345818
-0.12508348
-0.49151331
0.01758652
-0.11030040
0.02871668
0.07962468
0.06883499
-0.10476934
-0.08943631
0.08078155
0.05095948
0.06082490
-0.20348142
0.01615837
-0.07996847
-0.08478265
0.01105026
0.10937092
-0.10178294
0.07128926
-0.05966077
0.27122504
0.06638099
-0.10214767
0.00906197
-0.04869273
0.00107648
-0.04008269
-0.41280866
-0.16482015
0.00573063
-0.09540685
0.37366608
-0.09809307
-0.10962195
0.10195465
0.11083607
-0.21250413
-0.15126240
0.04027477
-0.03338657
0.13865434
0.10292605
-0.11317252
0.06427648
-0.08039586
0.33495003
-0.10206825
0.10184397
-0.18323521
-0.35897249
-0.00285093
-0.02386641
0.08005922
-0.01746571
-0.13488099
0.11586116
0.09916597
0.09542958
0.05754773
-0.37544236
0.03001153
-0.10756233
0.01430809
0.04973892
0.49009004
0.02576236
-0.04404727
-0.00627923
-0.10116605
-0.09624393
0.06663986
0.04455554
-0.04304239
-0.12434100
0.11928520
-0.26525187
-0.09721385
0.03724155
0.01029010
0.02042072
0.20333947
-0.03515898
0.04201762
0.10140711
0.17474623
0.05179791
-0.11024125
0.09666617
-0.02972685
0.04867800
-0.05807666
-0.27749428
-0.04727987
-0.06559514
-0.09782846
0.34679300
-0.05354121
0.01763172
-0.01812137
0.35786361
-0.01082113
0.00419664
-0.19776578
-0.00698502
0.02863587
0.10363412
0.10596066
-0.08797560
0.02593371
0.59190685
-0.07385777
-0.05403585
-0.10737760
-0.52619296
0.09994882
-0.03624121
0.01725769
-0.09746355
0.03347306
-0.04093387
-0.11428347
-0.04612478
-0.00648080
-0.42499015
-0.18246703
0.00901741
0.01210180
-0.05716148
0.57007849
-0.06943847
-0.09589303
-0.11127464
-0.02337216
-0.04341558
0.06483283
0.00101442
-0.00787516
0.10538210
0.03992459
0.24698682
-0.05181099
0.04300810
0.02180916
-0.10838887
-0.17657380
-0.11928089
-0.05591780
-0.03656342
-0.25422028
0.09293748
0.08574508
-0.07413653
-0.04812856
-0.03960113
-0.02041041
0.21945828
0.16386129
0.11185381
0.18117815
-0.20646739
0.06019786
-0.00869011
-0.00379187
-0.16840039
0.03158237
0.14064981
-0.04690734
0.22124191
0.00897185
0.06542012
0.00042778
-0.00283365
-0.03213667
-0.54975182
0.13774922
0.03670323
0.17929912
0.39056695
0.05897212
0.00967311
0.01742577
0.11897177
0.01333208
0.01848980
-0.02139967
0.00465015
0.05992633
0.45267281
-0.04243992
-0.09745050
-0.09860963
0.02447015
-0.51103187
-0.01157010
0.00368564
-0.07264144
-0.09342948
0.07225783
-0.05085366
-0.15117562
0.07229437
-0.01203675
0.04220109
-0.27012119
-0.12607878
-0.07179935
-0.00132628
0.00227494
0.03150152
-0.10540851
-0.01245630
0.09854633
0.38954473
-0.04521447
0.07760875
0.05398649
-0.03225244
-0.08662716
0.10709579
-0.27861965
-0.00226045
-0.01111956
-0.15312739
0.28683835
-0.00996658
0.05716924
0.02595932
0.23743294
-0.16533387
0.00024029
-0.04994591
-0.03048009
-0.07624938
-0.02045367
0.02857725
-0.10455430
-0.07926769
0.54477996
-0.03886268
-0.02526794
-0.11413240
-0.43432742
0.07684049
-0.05960508
0.03018651
-0.04320481
-0.11417589
-0.04595694
0.05356482
0.08805144
0.13520846
-0.35366076
-0.13661525
-0.01773551
-0.03722420
0.06163698
0.61442500
-0.11203353
0.07497410
0.09458639
-0.11386877
-0.15044989
0.11181349
-0.03018188
-0.10055006
-0.02417132
0.07034026
0.20253578
0.14811049
0.05400183
0.10742902
-0.10419639
-0.10194430
-0.03249539
0.07007274
-0.04488382
-0.27901846
-0.01332304
0.09723355
-0.01819779
0.02356944
-0.09162363
-0.02212972
0.17238222
0.15932539
-0.07517540
0.10649498
-0.39242521
0.03777301
0.07864465
0.03281921
-0.12131038
0.12355311
0.14161906
0.17230748
0.03276257
0.05216644
-0.02410072
0.07930701
-0.02644121
-0.01504652
-0.46915278
0.13157600
0.05172386
0.27812237
0.46815103
-0.07441182
0.09227718
0.11162134
-0.01077897
-0.06985576
0.02812243
-0.09720995
0.04566975
-0.08572065
0.25139472
-0.00677947
0.04815438
0.01554402
0.01396605
-0.42960358
0.11393122
0.10414837
0.06022507
-0.00636024
0.10814880
-0.08991750
0.00361201
-0.09909844
0.06619060
-0.07852218
-0.19356921
-0.18751213
-0.06300122
-0.07480881
0.10698952
0.03517816
0.04027874
0.11675829
-0.11982281
0.30669644
0.08755820
0.01351909
-0.07621593
0.10582556
-0.09370977
0.07487722
-0.37564528
-0.10852044
0.09190906
-0.14164034
0.19355965
-0.08092792
0.01827713
0.03726832
0.19793062
-0.11098120
-0.01741319
-0.13620377
-0.11819088
0.13572070
0.00286849
-0.06790450
0.06664636
0.02075370
0.44996253
-0.09584004
-0.03436056
-0.31042269
-0.45583212
0.07044780
-0.07601503
0.04768483
0.05393469
0.07371034
-0.02709480
-0.03997140
0.04951730
0.13149929
-0.24030875
0.03395579
-0.14120215
0.00194198
0.04337632
0.60874015
-0.14040504
0.06368952
0.09734970
-0.00617916
-0.04620332
-0.00413189
-0.03844455
-0.00193924
0.01021302
-0.09883689
0.20679332
-0.04164401
0.06368706
0.14463475
-0.10397687
-0.12273242
0.08978941
-0.00412525
-0.07759109
-0.23681368
-0.03615763
-0.11882149
0.04629131
-0.01679828
0.10286717
-0.09156204
0.26618493
0.18778105
-0.04343716
0.06989987
-0.14561176
0.10186577
-0.08600955
0.02607771
-0.26016048
-0.01449099
0.13510434
-0.00922386
0.05246823
-0.09754778
-0.06279462
0.03086656
-0.03929814
0.10961640
-0.33605912
0.07573364
-0.01906082
0.11174837
0.51824343
-0.06662767
0.15690893
-0.03695815
-0.01128337
0.00457063
-0.16454124
-0.04202444
0.01463899
-0.00624135
0.38468048
0.12069239
-0.07756300
-0.00849739
0.10190272
-0.62494802
0.12737121
0.00808619
-0.05088666
-0.08096915
0.09130877
0.09566982
-0.06453092
-0.03333326
0.05204492
-0.09295525
0.20712906
0.17310856
-0.02048960
-0.01173116
-0.01152715
0.01123249
0.08178163
-0.00716410
-0.04309893
-0.19064648
-0.09272697
0.08717454
0.07689371
0.03949733
0.07601574
0.03685428
0.36670363
0.19519956
0.01807484
-0.01381740
-0.37492508
0.11436284
0.00217886
0.01386382
-0.07400101
0.05871290
0.17504339
0.03034295
0.12104122
0.07033961
-0.07436656
-0.09463187
-0.11773741
-0.08088692
-0.49940002
0.04540750
-0.03475815
0.30376872
0.33720341
-0.08170186
0.15584882
0.07609688
-0.03269000
0.00938968
-0.08566416
0.08233982
-0.04944874
0.01256768
0.28994188
0.12138136
0.01673667
-0.04582595
0.05048981
-0.49138999
-0.07050598
0.10279813
-0.01689677
-0.03937598
0.19301721
-0.03275339
-0.00404664
0.09520515
-0.01285016
0.13420707
-0.26866427
-0.12996103
-0.07131677
-0.13587809
-0.06072537
0.06792798
-0.08796974
0.00249763
0.07523406
0.24052118
-0.08556088
0.01912095
0.00606571
0.08289827
0.03279546
-0.03799700
-0.23214743
0.00470537
-0.12951235
-0.03394504
0.33474794
-0.13910539
0.11421756
0.02072604
0.30982527
-0.19144756
-0.07913685
-0.04714822
-0.16294637
0.08841553
0.08693899
-0.10370100
-0.02181535
0.08151113
0.35898855
-0.06564450
0.05204539
-0.24442683
-0.55898303
0.13485384
-0.09012379
0.06014657
0.09886017
-0.05451844
0.16302672
-0.10843255
0.05759764
0.01995846
-0.47363749
0.05704194
-0.11666392
-0.04456877
0.12756841
0.51726907
0.01573639
-0.09606800
-0.08753882
0.07546476
-0.11301564
-0.02819424
0.04653002
0.09489656
-0.05799805
0.12861405
-0.03992845
0.01443399
0.12892030
-0.14562730
-0.05670622
0.05567605
0.02284220
-0.05431382
-0.10951211
0.28047845
-0.01231559
0.01991114
-0.11304478
0.03968459
0.07997627
-0.07742269
-0.20226774
-0.08677270
0.00663914
-0.15825613
0.20869212
0.08333797
0.03388144
0.00161589
0.26690042
-0.06595841
-0.05724289
-0.06296185
-0.17466734
0.03420691
0.01026709
-0.10931697
-0.07036567
-0.03555601
0.55562449
-0.03461167
0.09155615
-0.19190359
-0.34072402
0.12667355
-0.13865232
-0.12545937
0.05272941
-0.07302354
0.08217941
0.06207737
0.00332210
0.00086353
-0.33302855
0.05425824
-0.06734328
0.07700618
0.07461528
0.48050785
0.00484487
0.11115189
0.09000035
0.09172171
-0.11175048
0.10405041
-0.05309568
-0.04360351
0.06474932
-0.05242117
0.09667727
0.08510350
-0.05262703
0.16346571
-0.12473349
-0.04701700
0.00657930
-0.06034801
0.11001775
-0.28366786
0.10305934
-0.11361109
-0.10821681
-0.07431456
0.04026869
-0.02256967
0.35450906
0.16259627
0.11084655
-0.00301237
-0.30039793
-0.00001435
-0.02804497
-0.01273307
-0.28586689
0.02519355
0.00111303
0.17010364
0.14545225
0.01722157
-0.00703983
0.03663853
-0.07804300
0.06492307
-0.58859050
0.02860531
-0.01404190
0.09484623
0.59725779
-0.08680709
-0.07462250
0.16199192
0.04691075
0.10301056
-0.14507972
-0.05840162
0.05830150
-0.07161905
0.31491753
0.08247665
-0.06257945
0.01021234
-0.00888646
-0.45125675
0.04747957
0.10538192
0.07219107
0.10671504
0.05142410
0.12555449
-0.09406590
0.11133363
0.03353304
-0.00358136
-0.08668471
0.03579493
-0.11223271
0.00323179
0.12967186
-0.02072305
0.01432234
-0.05711809
0.12271698
0.27344447
-0.03733258
0.10481206
0.02925548
0.05494645
-0.02507464
0.00931808
-0.29377717
-0.06604978
-0.08298253
-0.01717766
0.31062186
0.01036215
0.01438222
0.00125341
0.13738500
-0.07310171
-0.04047821
-0.05253749
-0.20108172
0.00907481
0.03574252
0.10109421
0.00419643
0.11416687
0.38188374
-0.08368652
-0.00742059
-0.08719058
-0.40021563
0.03318762
-0.06350502
-0.13351683
-0.07385410
0.05998787
0.04506509
-0.07653490
-0.05051615
0.08209626
-0.44406092
0.03298827
-0.09738199
-0.10088659
-0.06949642
0.57078779
0.09260406
0.00564510
0.04863559
0.05544754
-0.18766104
-0.08675812
-0.02587041
-0.00385865
-0.07320952
-0.09823745
-0.13371220
-0.04178093
0.08231348
-0.02283327
0.14043136
-0.02982301
-0.04352195
0.09875933
-0.01903692
0.20005193
-0.11263847
-0.11362728
0.03752054
0.10020591
0.00035166
0.03595893
-0.38894305
0.02385178
-0.10143434
-0.01918153
0.32554102
-0.12449993
0.06480511
0.05775535
0.27969640
-0.07339433
-0.11012962
0.00698590
-0.02707859
-0.07517758
0.00368005
0.09845068
-0.01801745
0.03443970
0.42720470
0.01517212
-0.03931943
-0.28944609
-0.33044407
0.07246516
-0.08688053
-0.00834504
0.08617304
0.10014743
-0.04668946
-0.09790559
-0.03139260
0.01896557
-0.33444631
-0.08008055
-0.06688655
0.05711437
0.08080886
0.56288230
-0.02580258
0.12332217
-0.06799421
-0.00262068
-0.02386161
0.02935253
0.06419212
0.01402092
-0.00440913
-0.06467085
-0.14997815
-0.00586692
-0.06895635
-0.00887454
-0.08177585
0.05862258
-0.08838826
0.01340639
-0.00053417
0.38454548
-0.10896756
0.04128532
-0.11486118
0.11554635
0.06013379
0.01521117
-0.29698476
-0.12461726
-0.01500846
-0.02688742
0.18200280
0.06228748
-0.09138479
0.06148319
0.24553491
0.01365323
-0.05472146
-0.05646569
-0.18868324
-0.04778651
-0.07547527
-0.04991990
0.02901334
0.08824653
0.55045050
-0.11395058
0.06852300
-0.30575109
-0.39469275
0.00083408
0.03907844
-0.10103165
0.04962363
-0.03339611
0.10781624
0.08996779
-0.04447284
-0.04381315
-0.22218564
-0.09154493
-0.03375669
0.01634564
0.06511252
0.58664018
0.05922771
-0.10894279
-0.14705560
0.06816048
-0.00863874
0.05276624
0.12319195
0.02586697
-0.05878885
-0.11618432
0.26888153
-0.04256509
-0.05718249
0.06843780
-0.14186968
-0.11391012
-0.03901013
-0.09526155
0.07935540
-0.38343209
0.09891388
-0.04536241
0.04325001
-0.05691230
-0.06007527
0.11648092
0.29809582
-0.00861352
0.02858046
-0.01380077
-0.27279770
-0.06515159
0.08567015
-0.05601728
-0.14318697
0.00670839
0.07905538
0.08676841
-0.02861270
-0.10876539
-0.03743828
-0.07662077
0.04106166
0.11536139
-0.34589913
0.10967640
0.12840638
0.31133801
0.39107049
-0.02133723
0.17034148
-0.02457187
0.05461628
-0.08004818
0.03283999
0.09174303
-0.10165229
0.05646837
0.39939925
0.04851969
0.10954280
-0.03082067
-0.01102325
-0.49468181
-0.05356541
-0.07785729
0.10555381
-0.02116187
0.14585473
-0.11265384
0.11005684
0.13271019
0.02268721
-0.07204082
0.00334602
0.01608489
-0.03170829
0.16147162
0.05234586
-0.04532292
0.00720681
-0.01226670
-0.05892929
-0.20776761
0.09115522
0.02457296
-0.08861592
0.00926455
-0.02406456
0.09698572
0.39901474
0.05232266
0.02511904
0.11080056
-0.32174689
-0.06077256
-0.10010442
0.02867361
-0.04412261
0.10075023
0.13007408
-0.02105378
0.01669691
-0.03395260
-0.08354160
0.02268199
-0.05099738
0.08109249
-0.30048481
0.03012316
-0.08321247
0.20480089
0.37806779
-0.01829484
0.15328014
-0.00324095
-0.06235906
-0.08400020
-0.04830758
0.00424415
-0.00930769
-0.06251844
0.27040911
0.07072463
0.01023531
-0.02875268
0.03775053
-0.42106530
-0.00898855
-0.02116008
0.06803320
-0.05838759
0.10393153
0.09557731
0.05448699
0.00166103
0.08288819
0.09319342
-0.26050213
-0.00874415
0.01795859
-0.04594770
-0.03930122
0.09447309
-0.01477277
-0.06790730
0.02794055
0.23418197
-0.02910557
0.08948156
0.03200841
0.10034243
0.07341525
-0.04193835
-0.22220176
0.02084054
0.09595978
-0.08542588
0.32872790
0.05544001
0.01621619
-0.00529674
0.18630591
-0.03143785
-0.16719258
0.01809033
-0.06827798
0.08598685
0.03083960
-0.09788206
-0.04916095
-0.06055260
0.32782981
0.00366998
-0.05470118
-0.13023855
-0.53151214
-0.07292769
-0.11249823
-0.01103050
-0.00546327
0.05922613
0.03003867
0.00339767
0.09804230
0.09288019
-0.31029820
-0.16035715
-0.11442104
-0.06724101
-0.09307076
0.55760264
-0.05817174
-0.02315602
0.06214160
0.10029033
-0.17633252
0.00108363
0.06830887
-0.04947428
-0.00478648
0.09476248
-0.14751935
0.01041462
-0.03258757
-0.13622271
0.05571620
0.13731290
0.05429387
-0.07849304
-0.09925790
0.28515464
-0.09474797
0.03090305
0.09154664
-0.04781412
0.01698757
-0.04098972
-0.19091317
-0.11428842
-0.08809049
-0.05140870
0.25006017
-0.10382252
0.03718360
-0.11720937
0.09930883
-0.05489434
-0.15210582
-0.03705298
-0.06557725
-0.05897817
-0.01237008
-0.04192380
-0.06391110
-0.10598897
0.48765942
0.01500002
0.06356334
-0.29278770
-0.41240093
0.13758126
-0.13235112
-0.13759065
0.05879512
-0.11597112
-0.05331625
0.07415448
-0.08132289
0.13551703
-0.37952316
0.06612935
-0.00089033
0.07880474
-0.01531797
0.62189347
0.03258717
-0.11934284
0.03884710
0.10942563
-0.08835550
-0.05346410
-0.03452945
0.06600145
-0.02267968
-0.02903662
-0.06265030
-0.11726790
0.12394074
-0.14699118
0.13858056
0.00437095
0.09398099
-0.03870853
-0.11061501
0.29404029
-0.12954134
-0.12188515
0.04209665
0.07331892
-0.01133051
-0.05778252
-0.23711580
-0.13504511
0.03783538
-0.03823184
0.27417120
-0.07411452
-0.07435374
0.02110795
0.14077945
-0.01256615
-0.13368832
-0.05674545
-0.00958689
0.05529070
0.02306649
-0.00868070
0.11202458
-0.01633023
0.52310294
-0.18438798
0.08287894
-0.06569351
-0.45351997
0.05676144
-0.10782605
-0.14953370
-0.13559654
0.05384390
-0.05821309
-0.12662019
0.04115805
0.08865206
-0.37708074
0.05977084
-0.01361699
-0.08902558
0.00064928
0.51609331
-0.03493387
0.01437130
-0.03909937
0.10724378
-0.19765353
0.09302323
-0.12693955
0.11712927
0.03848192
0.01103087
-0.07556543
-0.17214198
-0.00633462
-0.06374177
0.01920592
0.04196386
0.03795916
0.00065951
0.03723471
0.32030603
0.01223116
-0.08539899
-0.00934894
-0.09508724
-0.02482372
0.05004146
-0.15821971
-0.07839837
0.00303855
-0.17461155
0.34665668
-0.04153981
0.09418090
-0.10453596
0.29252028
-0.20824839
-0.21072771
-0.02966406
-0.06943606
0.11545435
0.08688479
-0.11344530
0.03555939
-0.05797907
0.45567006
0.03917664
0.10142997
-0.30421039
-0.42064327
-0.01958574
0.02408087
-0.06928164
0.05148699
-0.08589543
-0.02288405
0.04372438
0.09928247
0.02659577
-0.27195692
-0.08345424
-0.05026655
-0.07147292
0.08121751
0.56247681
-0.02775899
0.03573233
0.02986570
0.05990946
-0.10253930
-0.09299890
0.05916379
-0.00660512
0.09713197
0.04917121
0.18707198
0.10100947
0.07911655
0.01343099
-0.06554100
-0.19709650
0.01213436
0.06730253
0.07671170
-0.26866382
-0.04178428
0.03355679
-0.00274166
-0.10257181
-0.11102913
0.12290810
0.25181192
0.14377464
0.08550566
0.07859366
-0.27198672
0.11357924
-0.05774891
0.04027089
-0.19989015
0.05990937
0.06852291
0.07457137
0.14926031
0.06735044
0.10933585
-0.05585077
0.06113724
-0.04006536
-0.35899064
-0.02250623
0.00095972
0.19072782
0.50387430
-0.15174481
0.17034692
-0.02836754
0.11747589
0.01400036
0.03897687
-0.05218210
0.08298230
-0.09003160
0.27955654
0.03396951
-0.02844799
-0.08477069
-0.01115747
-0.57288867
-0.05566780
0.01899300
0.05949994
-0.03755978
0.04404284
-0.00088380
-0.01046519
0.12486920
0.13099498
-0.01646310
0.07513854
0.12867653
-0.13282596
0.01023108
-0.06546803
-0.09024645
-0.04726040
0.05430631
-0.04932787
-0.44019610
-0.07827925
-0.11977643
0.06379842
0.08469923
-0.06573512
-0.09938273
0.34398219
0.16481203
-0.11054420
-0.00597644
-0.25526342
0.03155977
-0.07128579
0.03530927
-0.27287093
0.00880519
0.02802147
0.01458151
-0.00213714
-0.11366403
0.10598708
-0.04364536
0.05920552
-0.04687580
-0.58659643
0.00233762
-0.10258083
0.12912115
0.44496623
-0.10056180
0.04964442
0.06865305
0.02556531
-0.04777380
-0.04306793
-0.04613385
0.10344363
0.02094837
0.36329854
-0.01955794
0.03616197
0.01918715
-0.12494890
-0.52418560
0.09060921
-0.11160339
0.06329175
0.06009183
0.24828583
-0.11130524
-0.03931798
0.00563504
-0.04935005
-0.09773248
0.00566289
0.04795611
0.00578398
0.06328764
-0.02467014
-0.16406427
-0.06739958
-0.10335308
-0.10289042
-0.21723884
0.10296842
0.02133177
0.03138492
0.02967268
-0.03129488
-0.06620638
0.33519483
0.18895529
0.06232095
-0.00541463
-0.15523930
-0.00353703
-0.03186238
0.06871322
-0.09139957
0.06962655
0.05060435
-0.04152343
0.08695650
0.00182187
-0.04761884
0.04684698
-0.09514764
-0.01720853
-0.41451216
0.17477684
-0.00174200
0.20666151
0.40511832
-0.15471527
-0.04985401
0.15835238
-0.02793659
-0.07815825
-0.04544782
0.05544400
-0.00885745
-0.03125505
0.31491289
0.04954612
-0.04556323
-0.11404604
-0.02705643
-0.42222920
0.08075409
-0.03800369
0.06133150
-0.04333664
0.19759642
-0.09755908
-0.06210551
-0.04856624
0.05385692
0.09918445
0.15682060
0.01629963
-0.08755166
0.11093786
-0.03744489
-0.02398230
0.03523880
-0.09664108
0.09944258
-0.22773181
-0.07687101
-0.04542957
0.11545376
-0.06472412
0.10063567
-0.04169135
0.30019975
0.08713298
0.09819481
-0.02346919
-0.25977606
0.07479703
-0.11550488
-0.03067453
-0.18879671
0.01744163
0.11192870
0.00928335
0.06101941
-0.12482969
-0.04491806
-0.09060041
-0.08109333
-0.10284401
-0.44051546
0.07746179
-0.06948533
0.12124772
0.41576344
-0.00070589
0.07190870
0.07969294
-0.05292014
0.09735882
-0.02290048
-0.03207112
-0.08282786
0.07767240
0.46789026
0.06712788
0.07385796
-0.11996447
-0.10278264
-0.45791471
-0.03633341
0.06134536
0.04527787
0.09592329
0.15488011
-0.06921536
0.12871452
-0.01318198
0.04398027
-0.09199813
-0.11979219
0.09000587
-0.09271529
0.06348222
0.02084467
-0.19945870
0.04171076
0.06351419
-0.09566388
-0.08513983
0.04729584
0.02898665
0.04667911
-0.02018168
-0.03655978
-0.04140529
0.22022110
0.02332219
0.03255942
0.00339876
-0.04411129
-0.01645132
0.00597162
0.10290673
0.28204283
0.13400531
0.19246343
-0.05483397
0.12935306
-0.09415232
-0.08771609
-0.03784328
-0.01766954
-0.03708097
-0.18182607
0.18569210
0.08092947
0.14560866
-0.16210109
0.09595849
0.08661447
0.03946663
0.03303369
-0.06767548
-0.02669715
0.03001617
-0.07581805
0.00862195
0.18674468
-0.04878165
0.07171312
0.01058974
-0.02006508
-0.07312038
-0.10110882
-0.06015810
-0.03407715
0.06711333
0.02222287
0.11505064
-0.13753292
-0.00327268
-0.08654502
0.14267378
-0.22483706
-0.10109024
0.11635182
-0.04463217
0.12035633
0.01409014
-0.11330751
-0.10839280
-0.01671691
0.37408274
-0.09393753
-0.09834316
0.05177010
0.09594111
0.11899652
-0.00850288
-0.19691822
-0.08845837
0.00363705
-0.03971597
0.38999388
-0.08402286
0.05729307
-0.11424974
0.19749852
-0.10908559
-0.06113000
-0.17548609
-0.06068330
-0.08914082
-0.09510434
-0.08123210
-0.03949490
-0.10440319
0.51178396
-0.01821430
0.06373635
-0.31109738
-0.38760826
0.11827579
-0.07524610
-0.05819824
0.08916263
0.03291178
0.03029756
0.03580838
0.08782166
0.12225770
-0.34683570
0.00340881
0.00942189
-0.04063456
-0.09739600
0.46392122
-0.11925316
0.08108228
0.09965225
-0.01098252
-0.13088341
0.00231855
-0.14956543
0.01410195
0.08277507
-0.02510076
-0.23260657
-0.06733842
0.05933895
-0.06895711
-0.04081155
0.02132460
0.04076800
-0.05250826
-0.00760782
0.26773164
-0.04872163
-0.13156562
0.06629872
0.00577993
0.12409079
-0.10274010
-0.33121210
0.01435964
0.12770259
-0.20680179
0.38812798
-0.00821279
-0.06347232
-0.00813432
0.15750702
-0.10994329
-0.03001297
-0.18235984
-0.00031360
-0.06424444
-0.05427838
0.08601443
0.03944569
0.02011790
0.36388078
0.03434913
0.02958352
-0.26528934
-0.53426981
0.17759104
-0.15949412
0.01181596
-0.08694555
-0.06922299
-0.01294959
0.02719483
-0.09377541
0.08014912
-0.42737836
-0.05255845
-0.10158031
0.13565461
0.01167319
0.67735428
0.01705511
0.02127360
-0.06633975
0.00041940
-0.19298455
-0.03801353
0.04938651
0.04468029
0.04209218
0.12733787
-0.15812880
-0.04732816
0.07943536
0.05037053
0.12964475
0.18813515
-0.11489233
0.11299809
-0.07473753
0.29745391
-0.07913294
-0.02182151
-0.09252270
-0.05351415
0.03081057
0.10322647
-0.22276622
-0.10691500
-0.06067242
-0.09777894
0.21605480
0.04459800
-0.01529947
0.04280875
0.13524929
-0.04590471
-0.05670866
-0.08156388
-0.15096660
0.04614631
0.12172472
-0.02592973
0.01969702
0.05351268
0.45687982
-0.09524538
-0.02549706
-0.16741906
-0.46870494
-0.02296743
-0.05744992
-0.04388356
-0.06031109
-0.10534692
0.01391491
0.02270177
0.00826856
-0.04142222
-0.44809082
0.04417171
0.09800323
-0.08342112
0.12498952
0.52637696
-0.08045715
-0.03853933
-0.13652934
-0.12677623
-0.03047321
0.10069830
-0.01364043
-0.11446357
0.04000675
-0.09696347
-0.09297100
-0.13562116
0.09711369
-0.07436580
0.12789170
0.08720459
-0.06563061
-0.03009160
0.10917079
0.36291024
-0.06293263
-0.05430444
-0.09347077
-0.09820171
0.04997415
0.04662037
-0.17452550
-0.18105276
0.11756836
-0.08146934
0.17360651
0.08497804
-0.06044479
-0.06898039
0.14904806
0.00923239
-0.01369351
0.01947121
-0.17710812
-0.02410536
0.07026673
0.06856684
-0.08638939
0.05168976
0.37752992
-0.16524343
-0.09284855
-0.15903586
-0.39744887
0.05124385
-0.14242233
-0.14426716
-0.06203470
-0.11273497
-0.03107945
0.04046048
0.02879935
-0.00857461
-0.47018704
-0.04259528
-0.01071741
0.05844590
0.05784970
0.49961808
0.07841218
0.01410461
0.08969611
-0.06567898
-0.12719297
0.01311311
0.14523338
0.12765180
0.04135994
0.09282774
0.02167787
0.02419876
-0.08641989
-0.05979310
-0.08243987
-0.06668177
0.11464351
0.07485827
-0.07386567
-0.26562455
-0.04919974
0.12279733
-0.01015341
0.08338933
0.05750556
-0.10145086
0.38558561
0.20194569
-0.02049198
0.13307063
-0.28938803
-0.11346936
0.01252525
0.05021966
-0.23651241
0.10617904
0.01835177
0.12242318
0.19732475
-0.04912531
-0.10795076
0.04865383
-0.02115653
-0.07514664
-0.34621376
0.17308068
-0.06043332
0.10251492
0.44743231
-0.07667569
0.05299456
0.02870297
0.07830118
0.03760949
0.06638478
-0.07236490
0.08524921
-0.12548359
0.33020505
0.00644483
0.13783959
0.08472200
-0.12779480
-0.59371167
0.07995509
0.09716269
0.10274952
0.09479207
0.11602170
0.06724953
-0.06478122
-0.03972416
-0.10377405
0.02898766
0.11478340
0.04078224
0.09319253
-0.02817610
-0.10285666
-0.12894778
-0.00107612
-0.05330918
0.11319505
-0.31456593
0.00939803
0.09778421
-0.08528125
0.06992781
-0.07317644
0.01342188
0.33453685
0.10628609
0.09733916
0.12374768
-0.20040199
0.10704590
-0.13935807
-0.08475408
-0.15241237
0.07771190
0.04846888
-0.03900022
0.20944397
-0.07225436
0.10405047
-0.06686615
0.01569763
0.12876704
-0.42802882
0.16453597
-0.04636791
0.20077233
0.37894225
-0.17053798
-0.02634194
0.12144902
0.13253237
0.04354873
-0.05183882
0.04756485
0.02911528
-0.10197110
0.24335721
0.02639771
-0.07106042
-0.12916015
-0.10089553
-0.65351868
-0.04558101
-0.03765140
-0.02339348
-0.05590268
0.21604672
-0.13614173
0.07323723
0.11377649
0.09566858
-0.12294219
0.28116131
0.03770515
0.09624194
0.06005413
-0.08232672
-0.15503114
0.12004350
-0.04162048
-0.00307423
-0.35917154
-0.08155089
0.03501033
0.03806089
-0.00445190
0.04361237
0.07913447
0.32012096
0.19263791
0.09963461
0.06946670
-0.37723282
0.10810079
-0.13542703
0.03548529
-0.27941635
0.16541024
0.21254551
0.05363941
0.19296619
-0.11199222
0.01049494
0.06054154
0.00207042
-0.01761881
-0.43095905
-0.01065155
0.09120937
0.30012298
0.44899514
-0.18372917
-0.05107445
0.03105788
-0.11134845
0.14027852
-0.10191071
-0.08823289
-0.01543624
-0.00054865
0.30110669
-0.00568495
0.14254409
-0.00495802
-0.05839219
-0.49229264
0.13955534
0.11055321
-0.02014585
-0.01442161
0.19138774
0.11376685
-0.06863815
-0.11204806
0.08243860
-0.06013899
-0.07061141
-0.04243968
0.01835051
-0.06643899
-0.04402447
0.12092330
-0.04556604
-0.00757433
-0.09317546
0.38619283
0.07547749
-0.10464866
-0.05025808
-0.05282101
0.11293003
0.06885795
-0.27281401
-0.19825783
0.07158450
-0.00297929
0.32702670
-0.11073671
0.05721059
0.06937008
0.12197193
-0.16647848
-0.23366138
-0.00152690
-0.04062041
0.01094305
-0.04639432
-0.01085740
-0.08237382
-0.04636282
0.45319220
-0.11814974
0.00870993
-0.21602045
-0.40118286
-0.02787483
-0.14201210
-0.09669473
0.00480058
-0.04147785
-0.01960914
-0.12351027
0.06630594
0.12954260
-0.41614670
-0.00461403
-0.02905655
0.06805922
-0.09153514
0.51759148
-0.05847054
0.11079073
-0.06220092
-0.03862024
-0.07154061
0.05019170
0.05229994
0.07380265
0.09336899
-0.01655028
0.13365786
0.00248217
-0.00430987
-0.06438946
0.01224202
-0.09954452
0.10311116
-0.02921183
-0.03980389
-0.38713971
-0.08168240
-0.07055453
-0.07765542
-0.07340946
-0.11606255
0.06164677
0.21736851
-0.00164966
0.11238048
0.03419386
-0.14407367
-0.10876670
-0.00631170
0.08223453
-0.28815883
0.16321549
0.24843340
0.18485032
0.03659400
-0.07689052
-0.08679517
-0.04112379
0.08249491
0.00002860
-0.40768942
0.10808007
0.01744521
0.13989809
0.44630814
-0.11397292
-0.00642094
-0.00524919
-0.02301180
-0.03094864
0.03902055
-0.01226867
0.01027542
0.01498122
0.43030044
0.01380293
-0.09224106
-0.07604247
-0.07279902
-0.52053839
-0.08696087
0.11877134
-0.00865329
-0.10874399
0.15391736
0.12907359
-0.14405721
-0.01998992
0.04247499
0.10217990
-0.15187164
-0.03367657
0.12010921
0.02208761
0.09637196
0.05835684
0.07444024
0.08862337
-0.02304674
0.25902531
-0.00910016
-0.07138452
-0.10864102
0.02214421
0.10463396
-0.03317971
-0.37912568
-0.07840499
0.08717392
-0.14354043
0.30014712
-0.00656292
-0.03315337
-0.00394507
0.10257655
-0.00481699
-0.22512734
-0.09481195
-0.13582656
-0.07354206
-0.06597524
0.00845099
-0.02290016
-0.08457600
0.45698869
-0.10410612
-0.02723631
-0.13853048
-0.44217065
-0.00526105
-0.10399332
-0.01425464
0.09122440
0.07742787
-0.04452870
-0.14187980
0.00186918
0.11659668
-0.30931133
-0.02431363
-0.02911680
0.11490158
0.07923753
0.48884815
0.03263144
0.07425177
0.06453073
0.08486593
-0.10419952
0.05418431
0.00368063
0.02266972
0.07604213
0.11563748
-0.06146463
0.01610388
-0.03586334
-0.04579379
-0.08964310
0.14377443
0.07356402
0.04664594
-0.05562571
0.15362097
-0.10768478
-0.04912943
0.09750178
-0.03789940
-0.06147785
0.08489875
-0.38055575
0.02976688
0.01240604
-0.20378052
0.16933037
-0.12584059
0.04693538
-0.05371168
0.28893602
-0.19744091
-0.20285243
-0.11906648
-0.11764223
0.13277751
0.02244849
-0.10023879
-0.07715140
0.04779124
0.34193099
-0.15358357
-0.05562042
-0.08098581
-0.47753266
0.01030365
0.04247124
-0.10583813
0.10690285
-0.03420538
0.10346157
0.08079726
-0.05217537
-0.05688924
-0.25455937
0.06978396
0.03108672
0.05652029
0.05330098
0.56748295
-0.08257657
0.10765888
-0.05314692
0.03150842
-0.15203835
0.09872226
0.04729238
-0.09064864
0.03929805
0.05814386
0.20933183
0.00115980
-0.04921086
-0.02217275
0.05633232
-0.08789282
-0.06523857
-0.00981806
-0.08033340
-0.27917734
-0.06830394
0.05857302
0.09771015
-0.07518772
0.01126473
-0.00270041
0.38120225
0.18544622
-0.02992724
0.03179606
-0.17551599
-0.10675105
-0.05068578
0.13637418
-0.21623738
0.01449493
0.00285435
-0.02795781
0.02347901
-0.00109885
-0.11618733
0.10329302
-0.00433997
0.06146302
-0.38989469
-0.03400823
0.13834283
0.13972741
0.51471949
0.02493868
-0.06488230
-0.00424289
0.04662517
0.02877407
-0.09692947
0.07133895
-0.08574767
-0.10407878
0.39394024
-0.05370564
-0.06683264
0.07721373
-0.02906582
-0.61863375
0.08167309
0.07318348
0.04721571
-0.00740377
0.10185538
0.04731416
-0.10080720
0.09247858
0.01962313
-0.03137112
-0.11010917
-0.04504874
0.12295160
-0.14281106
-0.00945064
0.01244046
-0.02250269
-0.07748915
-0.08799279
0.20731771
-0.13354290
0.02041559
-0.04854852
0.03122315
-0.01697445
-0.04024012
-0.29967692
-0.09075678
-0.02329883
-0.16083176
0.19344182
0.06321765
0.09474008
0.00007927
0.33354977
-0.15046975
-0.07934617
-0.04080734
-0.19446200
0.12556888
0.11854862
0.01310137
0.07639378
-0.03161024
0.43873560
-0.12569112
0.09709550
-0.11324964
-0.49647799
0.14157210
-0.00646522
-0.08422007
0.09055049
-0.03039624
0.05589066
-0.08999067
-0.04784131
-0.10708148
-0.23658851
-0.15718754
-0.12773593
0.05915235
0.07152684
0.58619547
-0.10283211
0.00389225
0.01637353
-0.11504060
-0.04978219
0.09346549
-0.05125672
0.08648939
-0.10554134
-0.09252974
-0.07323638
0.00204577
-0.03394075
0.04217062
0.00125704
0.20199664
0.08342823
-0.06313738
0.11092974
0.22347930
-0.10869715
0.09347967
0.09056923
-0.11407766
-0.09457108
0.09468736
-0.20621815
-0.17567290
0.01105153
-0.08701287
0.18893307
-0.01130237
0.04795776
-0.04891373
0.18127166
-0.06071074
-0.15087917
-0.07429818
0.00171655
0.06428459
-0.04573509
-0.02940416
-0.05352446
-0.01129663
0.40551099
-0.12636314
-0.11174682
-0.29302329
-0.45649505
0.16676460
-0.05428530
-0.01554388
0.02442833
-0.03707783
0.02319607
-0.07263354
-0.07904462
-0.00231321
-0.40531701
0.06117246
-0.10661743
-0.07188702
0.11150687
0.51658565
0.07480501
0.04187770
0.03908548
0.04600011
-0.18272392
0.07058086
0.08408712
0.06549431
-0.08682531
-0.06444271
0.22797415
-0.02555891
-0.00646131
0.11072979
-0.07128763
-0.17889005
0.07831451
0.10404089
0.12565342
-0.16045167
0.12605838
-0.07913959
-0.00825895
0.06844878
-0.11651971
0.10277633
0.33352685
0.21245247
-0.08827610
-0.03078198
-0.18447348
0.09247557
0.03517145
-0.01950370
-0.12186760
0.22853653
0.06818469
-0.01338875
0.20783307
-0.12359980
-0.13232742
0.08203227
0.03703038
0.04734180
-0.37427181
0.13891679
-0.04739067
0.29240581
0.33322367
0.06528029
0.15629393
0.11998450
0.01710759
-0.02207334
-0.10382978
0.05150094
0.04497402
0.06551381
0.41855109
0.11424394
-0.07932586
0.09435318
0.00188953
-0.40902495
0.09047926
-0.06266476
0.01119664
0.02531473
0.17849661
0.01878757
-0.03277516
-0.07689888
-0.07439878
-0.07508044
0.02741820
0.03507394
-0.02253226
0.09898887
-0.09576980
-0.11113495
0.03271041
0.04825586
0.07744776
-0.35069111
-0.00238142
0.04062357
-0.07531964
-0.04433729
-0.11225459
0.05367049
0.22440279
0.21114291
0.04835183
0.09465744
-0.38315868
0.02229451
0.03895906
-0.04406198
-0.19696198
0.07282091
0.08544232
0.07863791
0.24132395
-0.04371633
-0.02752718
-0.05195934
-0.07776038
0.06787638
-0.43453482
0.15146109
-0.03050860
0.16752896
0.57466334
-0.16155779
0.13713771
0.07229940
-0.02803925
0.12931472
-0.06649157
-0.08021579
0.08590128
-0.02476006
0.32785234
0.06054819
0.05345890
0.01481355
-0.05614657
-0.42769140
0.07858559
-0.03387509
0.06520812
0.05541585
0.08789503
-0.09487728
-0.03920693
-0.07665977
0.05311709
-0.03966591
-0.25723001
-0.09405784
-0.06890173
-0.03932240
0.01579404
0.07736985
0.08671176
-0.07860332
0.06340758
0.28045642
-0.12093833
-0.08323032
0.07872588
0.12931532
-0.08732482
-0.07326596
-0.16231900
-0.00173224
0.00972124
-0.11782178
0.17357242
-0.10983574
-0.06538260
-0.05017274
0.23432229
-0.18679789
-0.19071104
-0.05132351
-0.00089218
0.14205979
0.10651001
-0.06969662
-0.06738751
-0.06273267
0.57116175
-0.19260462
0.05957972
-0.30867365
-0.48347208
0.12604226
-0.04147026
0.01071617
0.07678248
0.03033607
-0.06170078
-0.02708896
-0.03810266
0.11209013
-0.25404063
-0.05532067
-0.11512211
0.09687272
0.04436077
0.52313370
-0.12955365
-0.00416460
-0.08227987
-0.03312573
-0.24328572
0.00714335
-0.01848366
0.01162444
-0.07645068
0.00748612
0.20050164
0.10821667
-0.03797585
-0.03970951
-0.10735881
-0.12343342
-0.09772168
-0.01282754
-0.08982292
-0.35725117
-0.11161438
0.05900535
0.01127671
-0.08273266
0.02677516
-0.00268305
0.24079099
0.16780472
0.09203245
0.02865233
-0.30443686
0.05221931
0.04931024
0.04161342
-0.25422537
0.17583236
0.21235944
0.08691243
0.03878054
-0.13066630
-0.09532437
-0.10000150
0.09085321
0.13036165
-0.43656486
-0.00040647
0.11340639
0.11662113
0.55018729
0.04132885
0.06981472
0.16002707
0.11572006
-0.06673459
-0.06697746
-0.02789952
0.02825255
-0.06068030
0.40326604
0.06760108
0.11230735
-0.01531791
-0.12891006
-0.49658164
0.04572032
-0.01701969
-0.05152249
0.08478435
0.22418867
0.06899543
-0.00704528
-0.11663074
-0.09191257
-0.05563487
-0.18717627
-0.01979410
-0.07161351
0.04450372
0.06533323
-0.00035788
0.06068671
-0.05163635
-0.05661279
0.36829194
0.10530274
0.11381850
0.07182914
-0.07385875
-0.03483723
-0.08671302
-0.28873351
-0.13985829
0.01718043
-0.18271481
0.18868795
0.03846016
0.00653708
0.05160397
0.31702298
-0.06412174
-0.20250596
-0.18019116
0.00783712
0.09876307
-0.06725138
0.02854574
-0.08656109
0.01123990
0.54670238
0.04190840
-0.07891586
-0.17080271
-0.48530915
-0.05778644
-0.13414858
0.07870705
-0.00438010
0.10195650
0.02246618
0.05883693
0.12007954
0.09871559
-0.35410613
0.01810099
0.02586217
0.03858351
0.14025688
0.64433366
-0.11212801
-0.00955372
0.09114480
-0.01588118
-0.23864383
0.12438159
-0.07209475
-0.04292772
0.10515512
-0.05934367
-0.09500424
-0.04501371
-0.01956877
0.04694808
-0.02289708
0.18244646
-0.06264222
-0.01505437
-0.03186587
0.32504627
0.02785847
-0.02998743
-0.08726161
0.10038075
-0.04368876
-0.12218712
-0.21618547
-0.01871807
-0.04727779
-0.05356523
0.14017302
-0.03469354
-0.01051127
0.08577761
0.24649425
-0.09734724
-0.19329843
-0.12214889
-0.00932308
-0.10730036
0.03700791
-0.02575924
-0.02477713
-0.03467067
0.47335139
-0.02017779
-0.04177207
-0.26011604
-0.41223526
0.15906292
-0.07901225
0.00292660
0.06174223
0.00477933
0.05424937
0.07317169
-0.01793854
0.13069147
-0.26090324
-0.13838083
0.00422125
-0.09963614
0.10125347
0.46999064
-0.03478165
0.03996148
-0.09875386
0.05583445
0.00221304
-0.04008920
0.05730684
0.11751831
0.12365915
-0.11753439
0.17685618
0.19459243
-0.07906179
0.03000186
0.08207422
0.00151802
-0.05683507
-0.04981440
0.04356908
-0.17778465
0.04372327
0.02509351
0.02087725
0.09795623
-0.01730621
0.13325779
0.25293359
0.06648728
-0.07170302
0.12737752
-0.33516368
-0.03032150
-0.06936180
0.02884278
-0.24619204
0.10156670
0.23154774
0.08238865
0.05047132
0.07154354
-0.10345986
-0.06972151
0.02279791
-0.01694944
-0.55180293
0.06688702
-0.00291840
0.31482384
0.36930174
-0.01011797
0.00988997
0.04570699
-0.02765223
-0.02183083
-0.07131926
-0.07715687
0.10833063
0.03921659
0.40530157
0.01223873
-0.05016090
0.02896135
-0.00740189
-0.43427652
0.00468956
0.01526061
0.06482919
-0.05045647
-0.00088674
-0.06635190
-0.08267424
0.04208783
-0.03187457
0.08045282
-0.22024277
-0.03009159
0.09999593
-0.08639789
0.00683478
0.01955630
0.11609613
-0.07099537
0.05199143
0.41608039
0.08053563
-0.02310320
-0.09152001
0.07536228
0.00002985
-0.06417546
-0.34749687
-0.08481576
-0.03623600
-0.18860795
0.32944515
-0.00916911
-0.02295608
-0.07787558
0.30876383
0.01169955
-0.04884840
-0.07109382
-0.08999696
-0.08457860
0.06096919
-0.04834092
-0.06853291
-0.10179023
0.34392628
0.03812786
0.04298518
-0.19143397
-0.39777133
0.16664530
0.02347838
-0.11120415
0.03470704
-0.08522819
0.02036017
-0.09121007
0.03344218
0.12364967
-0.41403222
-0.08607793
0.09484658
-0.05748596
0.03479262
0.62491447
-0.02535331
0.06021683
0.01472297
0.08634189
-0.11232968
-0.09297059
-0.00309743
-0.13123153
0.09616516
-0.02485790
-0.03816730
0.05496258
0.02434429
-0.09040913
0.00701804
0.19784005
0.06598319
-0.01161081
0.05605533
0.32262099
-0.03974648
0.12078355
0.03816353
-0.06437346
-0.10645685
0.01945935
-0.39672050
-0.08497287
-0.12162960
-0.02557244
0.34811044
-0.05658105
0.03250378
0.03687515
0.17707193
-0.09266574
-0.03140397
-0.12468985
-0.00682859
-0.01215438
0.00215075
0.03051988
-0.06524872
0.05743196
0.40621439
0.01366846
-0.00498776
-0.16021694
-0.52836001
0.01337496
0.05351899
-0.14452101
0.01200209
-0.12982352
-0.04440666
0.04125728
0.12036825
0.08567548
-0.30149847
0.01954737
0.05829550
0.00260966
0.09446378
0.60721731
0.01992615
-0.11191691
0.07821161
-0.00775834
-0.13945138
-0.09588460
0.06160765
0.02551992
0.12240645
0.00653954
0.19408432
-0.06292678
-0.12039758
0.04451659
-0.07231914
0.03867627
-0.02196587
-0.04396288
-0.10744363
-0.23080209
-0.00631558
-0.01810479
-0.10339502
-0.09024583
-0.12074371
0.10634437
0.35499367
-0.00707623
-0.08086263
0.21153699
-0.24351221
-0.06316238
-0.02361492
0.08134915
-0.28562599
0.14919856
0.10118858
0.09882665
0.04993738
0.06063533
-0.03629704
-0.07909746
-0.12541160
0.06747407
-0.43626234
0.06375914
-0.06369194
0.07263330
0.39967766
-0.14709206
-0.03149942
-0.01482679
0.06458475
0.03509344
0.03369443
0.03419495
-0.09825230
-0.11983182
0.33605513
0.15997012
-0.08975011
0.07777591
-0.09137444
-0.55764550
-0.03168248
-0.10489573
-0.08267447
-0.05084866
0.00964632
0.07431515
0.04567484
-0.00643940
-0.04255802
0.03804972
-0.03142899
-0.06411059
-0.03647207
-0.06177007
0.12170070
0.10969427
0.04450915
-0.02216952
0.02927148
0.37006041
-0.07279966
-0.04108813
0.10202551
-0.02967398
-0.08702840
0.00360974
-0.16031811
-0.19727200
-0.10655589
-0.11946958
0.33143914
0.07427239
-0.08648493
-0.07577475
0.07936609
-0.20514238
-0.14460151
-0.02833631
-0.05616316
-0.05657825
-0.03767983
0.03696530
0.04844621
-0.03657346
0.34440336
0.00065945
-0.02043283
-0.24551274
-0.54823679
0.04456993
0.04458759
0.00264126
-0.12102688
0.05134492
-0.02540823
-0.12761657
-0.01770574
-0.10638995
-0.27231783
-0.02452166
0.02257857
0.05674433
0.11042277
0.65175527
-0.02427594
-0.02334082
0.04146445
0.08780753
-0.13219579
0.09744166
0.02388564
0.02318460
0.02475103
-0.12176834
0.04232248
0.11895580
0.08781382
-0.08914734
-0.07774566
-0.03486474
-0.07329220
0.02463733
-0.02485955
-0.41398692
0.12699015
-0.07486013
-0.00142709
0.02027335
-0.12909734
0.09794352
0.33150232
0.11237083
-0.06213463
0.06999239
-0.36600432
0.00055922
-0.09686993
0.02888045
-0.21433157
0.08897909
0.20924690
0.19137341
0.22262248
0.00411070
0.04877284
0.11192933
0.05615873
-0.01278768
-0.48512042
0.00373630
0.10565917
0.16502865
0.55804378
-0.05197952
-0.08842427
0.13152421
-0.00359501
0.09154954
-0.02943026
-0.02522696
0.06779297
0.08494024
0.33325940
0.07158798
-0.00042040
-0.01653580
-0.03650988
-0.65632969
-0.04002465
0.09481321
-0.01119914
-0.08471256
0.24247006
0.06442792
-0.03019986
-0.03179983
0.08886179
0.09340178
-0.17151186
-0.12166450
-0.05891051
-0.10893033
0.04027512
0.18705340
0.07289726
0.09836815
-0.10081230
0.32505456
0.08105984
0.03173828
-0.08474956
-0.09414290
0.06407323
0.08727624
-0.20022459
-0.01829337
-0.09050160
0.02047826
0.31049988
-0.09671636
0.01193275
0.09903450
0.17554617
-0.03327713
-0.17396197
0.03679955
-0.01549003
-0.09693483
-0.03474763
0.10765411
-0.07003297
0.09729073
0.55325890
-0.16352005
0.07119555
-0.24565683
-0.47014648
0.01405916
-0.02516537
-0.02191375
0.07262211
-0.11936639
0.00728173
-0.02650733
0.02836775
-0.00869060
-0.41374299
0.00302004
0.04393149
0.03058721
-0.03882106
0.50570303
0.04213947
-0.03319790
0.05896583
0.09217239
0.00800308
0.06926470
-0.05009314
0.05766736
-0.11880241
0.05955363
-0.24294633
-0.05733732
0.13529001
-0.06917914
0.08856823
0.20401432
-0.04519721
0.01985906
-0.07692935
0.20851225
-0.02154687
0.08133023
-0.10763413
-0.05338048
-0.02494166
0.08079139
-0.32063890
-0.17214823
-0.09623189
-0.22767764
0.21824561
0.08291435
0.11946953
0.02646194
0.20827214
-0.03669947
-0.20338485
-0.15710439
-0.12526111
-0.10993193
-0.10634052
-0.11018996
-0.08663420
0.06918203
0.58601981
-0.00293940
0.06397317
-0.27014321
-0.55629104
-0.04031916
-0.01891932
0.05706620
0.08983728
0.06107085
-0.00849999
0.05185452
0.04752159
-0.12062141
-0.33991173
-0.07484731
0.01166861
-0.09923039
0.06643488
0.47206414
-0.09819660
0.07196940
-0.04755684
0.06599510
-0.22281672
-0.12059470
-0.05760522
-0.09479064
-0.08952510
-0.04593944
0.07953955
0.18639240
0.04705303
0.07750235
-0.02640378
-0.10359363
-0.06566481
-0.05962531
0.09865039
-0.17374386
-0.05689624
-0.05350859
0.04734545
0.03325571
0.04140830
0.05152122
0.38947907
0.01791062
-0.04897995
0.13583855
-0.32349220
-0.06666131
-0.09358905
-0.01030910
-0.15273389
0.22606263
0.11026229
0.11883361
0.13380885
0.00990105
-0.01955815
-0.02954993
-0.11469977
0.00842150
-0.42263100
0.16755170
-0.09162550
0.24380495
0.31769592
0.04340700
0.05018727
0.01327173
-0.08228961
-0.08158597
-0.17776312
0.04474818
0.02553639
-0.12128892
0.32775447
0.09242130
0.09014755
-0.12415069
-0.08540636
-0.52090728
-0.03416396
-0.00675360
-0.10145872
0.09268967
0.18240905
