-0.93252277
-0.16151762
1.20149565
0.85452896
-0.76003587
2.50277138
0.20074838
-1.22438478
0.81561762
0.05221705
1.51943004
-0.48287201
-0.15609312
0.55427271
-1.50489318
0.45494565
0.01389267
-0.74906266
-0.48844993
0.39780760
1.90693831
0.23815778
1.15670240
0.12915665
-0.29174888
-2.27609324
1.49580121
0.06609968
1.44512856
-0.97273088
0.10040808
-0.11299470
-1.02132452
2.02185822
0.95423454
-0.12030862
-0.02659034
1.30673885
0.72440428
-1.38092852
-0.23643172
0.91143990
-0.72532600
-0.27124426
0.17974396
2.13329625
0.46118224
-0.72197241
-1.91531706
-1.07434034
1.34302890
1.82532132
0.12845476
0.24515124
-0.92857987
1.55359948
1.09867311
-1.60182202
1.86337352
-1.64955068
-0.60212827
-1.37343729
-0.31522813
2.26440907
