11000101
11110110
01001100
00110110
11010000
10100000
00001100
10110010
00110100
00000011
01100001
11100010
11110111
00100011
10100000
00011101
00000000
11010001
11100001
00011001
01111010
00001111
01001010
00001000
11101110
01101111
01011111
00000100
01011100
11000010
00000110
11111001
10111111
10000001
00111101
11111001
11111111
01010011
00101110
10101000
11110001
00111010
11010010
11101111
00001011
10001000
00011101
11010010
10000110
10111100
01010101
01110100
00001000
00001111
11000101
01100011
01000110
10011010
01110111
10010111
11011010
10101001
11101100
10010000
