-0.32561076
0.34824198
0.52543032
0.41188014
0.32855552
0.12300045
0.34164342
0.17027509
0.37826717
-0.99623609
-0.04876757
-0.37235296
0.37827402
0.51250154
-0.82533735
0.38488698
-0.06718127
0.66288757
-0.03397215
-0.36487544
0.84037161
-0.82386541
-0.61890602
0.35124341
-0.72726506
-0.03545898
-0.80939662
-0.10752928
0.68378365
-0.81369317
0.66903836
0.28892964
0.34650326
-0.98465252
-0.16031957
-0.28619421
0.70376629
0.68319476
-0.94562507
-0.84462011
0.29178956
0.45661259
-0.78539097
-0.36990952
-0.36772263
0.93710607
0.38418701
-0.46291792
0.49703038
-0.33888197
-0.67136383
0.25155514
-0.33625662
-0.58514047
-0.50017381
0.67879522
0.64982116
-0.07773571
0.66764593
-0.96449995
-0.55044794
-0.56720650
-0.32722950
0.74849677
