0.06118412
-0.05943503
0.03410333
0.10609798
0.06040929
0.10075558
-0.09583237
0.08436625
-0.01266267
-0.09713477
0.10971262
0.05983264
0.10934857
-0.10120966
-0.03401286
-0.10353916
0.14784339
-0.00275920
-0.00081423
-0.03690101
-0.04527992
0.12496721
-0.07804514
0.12197191
-0.07326023
-0.03969575
0.12282478
-0.10506593
-0.01816873
-0.06859595
0.00689168
0.12761506
0.10749212
-0.04194344
-0.11187462
-0.08669391
0.05236603
0.05276967
0.07830549
0.09815203
0.03011757
0.09556989
0.07506552
0.07804064
-0.08953039
-0.08219360
-0.00810017
0.10327435
0.06888719
0.11586042
-0.11742528
-0.02015449
0.09704252
-0.03008719
-0.03046970
-0.06223079
-0.01899911
-0.00338197
-0.10889076
0.09790701
-0.04754726
-0.03997191
0.11628816
0.16070758
