0000000010111101
1111111111111010
1111111001111001
1111111011100010
0000000001110110
1111111110010100
0000000011000000
0000000111000110
0000000110010011
1111111111110101
0000000010100111
0000000010100101
1111111001110010
0000000010000101
1111111010001111
1111111100010111
0000000100010001
1111111101110101
1111111110111010
0000000010111000
0000000001101000
1111110110101100
1111111110101100
1111111110110011
1111111100000110
1111111001000000
1111111101111100
0000000001111010
0000000010010101
0000000001000110
1111111101010110
0000000000001000
0000000000110001
1111111000010001
0000001010011100
1111111110001100
1111111010000010
1111111100000010
1111110111000010
0000000001010100
1111111110001111
1111111001001111
1111111101100111
1111111100101111
0000000011001111
0000000101101101
0000001000000100
1111111010011100
0000000011000100
0000000111010001
0000000101011110
0000000000111010
1111111110101010
0000000001001110
1111111010011001
0000000011111010
0000000000111001
0000000010111100
0000001000110101
0000000011111111
1111111011111010
1111111111111100
0000000001011110
0000000101100100
0000000001111111
1111111100011010
0000000000101011
0000000001000011
1111111000111011
0000000100011001
0000000010111011
0000000000001001
0000000000011000
0000000000001001
0000000011000110
0000000011001011
0000000101000110
0000000010101000
1111111000011010
1111111101110111
1111111000110000
1111111111111010
1111111110111010
1111111111101000
0000000101110110
1111110110000110
0000001000011000
0000001100111010
1111111110000011
0000000001010000
0000000001100011
1111111010101100
0000000010010011
0000000010001101
0000000011111110
1111111111011010
0000000000011111
0000000100111110
0000000110010000
0000000011100100
0000000011111110
1111111101110000
1111110101101010
0000000001001100
0000000101001001
0000001000010100
1111111011010110
0000000011010111
0000000011110111
1111111101100100
0000000000000010
0000000101101010
1111111100001110
1111111011011100
1111111101001100
0000000101100000
0000000001000011
1111111110010100
1111111111111111
1111111111010001
0000000110100111
0000000100111110
1111111111101010
1111111111111101
0000000000010110
0000000100000111
0000000110001001
1111111110000100
0000000100111000
1111111110011001
0000000001111001
1111111100011000
0000000001111100
1111111011101100
1111111110110101
1111111100011000
0000001100010111
0000000101010010
0000000010110110
0000000000001001
1111111111001000
0000000110000001
1111110111110110
0000001000000101
1111111111110010
1111111111010101
0000000000001111
0000000100111011
1111111110101100
1111111011000000
1111110110100000
1111111100111110
0000000000011100
0000000100101101
1111111001010101
1111111000101011
0000000000110000
1111111111000010
1111111110010100
0000000010000001
1111110111010111
1111111001000010
1111111100101001
1111111011101111
1111111111000011
1111111100001011
1111111100000001
0000000101111011
1111111101100110
1111111001011101
1111111001000110
0000000000110101
0000000111000110
1111111011110010
0000000000100001
0000000101001001
1111111110100001
0000000100010011
1111111100110100
1111111111101101
1111110111000010
0000000110110010
1111111111001111
0000000100101011
1111111111110010
0000000011001001
1111111100010011
1111111011100011
1111111111011100
0000000101000110
0000000000101110
1111111101010001
1111111101011111
0000000101101111
1111111011010101
1111111101101111
0000000001100001
0000000101111001
0000000100110001
1111111100000101
1111111100011110
1111111110101000
1111111010010101
0000000001110100
1111111011000010
0000000000001000
1111111111101010
0000000100001110
1111111101001110
1111111111010110
0000000111111101
1111111000011010
0000000010011011
1111111011101101
0000000100000000
1111111111110101
1111111010011000
0000000110010000
1111111010010011
0000000010111110
1111111100110011
0000000010001111
1111111100110110
0000000100110101
1111111100011111
1111111100001011
1111111100111010
0000000100011100
1111111001001010
0000000000111100
0000000101001010
1111111100011001
1111111111101000
0000000100101111
1111111101100111
1111111001110001
0000000011101101
0000000111101011
1111111011000001
1111111001101100
0000001000001010
0000001011110010
1111110111100010
0000000110010010
1111111101111101
0000000000101111
0000000101011000
0000000001111010
0000000011110001
0000000101111101
1111111110000110
1111111100111100
0000000110001101
1111111110110010
0000000110100110
0000000010110101
